0.000000000000000000e+00 0.000000000000000000e+00 0.000000000000000000e+00 0.000000000000000000e+00 0.000000000000000000e+00 0.000000000000000000e+00 0.000000000000000000e+00 0.000000000000000000e+00 0.000000000000000000e+00 0.000000000000000000e+00
0.000000000000000000e+00 1.079316598771294516e-01 1.720144163337767873e-01 0.000000000000000000e+00 0.000000000000000000e+00 0.000000000000000000e+00 1.384510650921383090e-01 2.444048868383707773e-01 0.000000000000000000e+00 6.569506619866433139e-02
0.000000000000000000e+00 1.720144163337767873e-01 9.055217349670342530e-01 0.000000000000000000e+00 8.104509999961877209e-02 0.000000000000000000e+00 3.289384367831187928e-01 6.727164550757892547e-01 1.237414007480218681e-01 1.620857636216621045e-01
0.000000000000000000e+00 0.000000000000000000e+00 0.000000000000000000e+00 4.755501101267319702e-02 2.545771515469551910e-02 0.000000000000000000e+00 1.944463448919307169e-01 0.000000000000000000e+00 0.000000000000000000e+00 0.000000000000000000e+00
0.000000000000000000e+00 0.000000000000000000e+00 8.104509999961877209e-02 2.545771515469551910e-02 1.159351418180807614e-01 0.000000000000000000e+00 1.040933343451704990e-01 1.480829495548158792e-01 0.000000000000000000e+00 2.326726178170350837e-02
0.000000000000000000e+00 0.000000000000000000e+00 0.000000000000000000e+00 0.000000000000000000e+00 0.000000000000000000e+00 0.000000000000000000e+00 0.000000000000000000e+00 0.000000000000000000e+00 0.000000000000000000e+00 0.000000000000000000e+00
0.000000000000000000e+00 1.384510650921383090e-01 3.289384367831187928e-01 1.944463448919307169e-01 1.040933343451704990e-01 0.000000000000000000e+00 1.878647704811615693e+00 4.470375668601592745e-01 0.000000000000000000e+00 1.156242964623666603e-01
0.000000000000000000e+00 2.444048868383707773e-01 6.727164550757892547e-01 0.000000000000000000e+00 1.480829495548158792e-01 0.000000000000000000e+00 4.470375668601592745e-01 1.014569463291147944e+00 0.000000000000000000e+00 2.289081799962069952e-01
0.000000000000000000e+00 0.000000000000000000e+00 1.237414007480218681e-01 0.000000000000000000e+00 0.000000000000000000e+00 0.000000000000000000e+00 0.000000000000000000e+00 0.000000000000000000e+00 3.539186988433718623e-02 0.000000000000000000e+00
0.000000000000000000e+00 6.569506619866433139e-02 1.620857636216621045e-01 0.000000000000000000e+00 2.326726178170350837e-02 0.000000000000000000e+00 1.156242964623666603e-01 2.289081799962069952e-01 0.000000000000000000e+00 6.080776347171377300e-02
