0.60653 0.60361 0.59488 0.58041 0.56036 0.53491 0.50431 0.46885 0.42888 0.38478 0.33697 0.28592 0.23211 0.17607 0.11833 0.05945 0.00000
0.59488 0.59201 0.58345 0.56926 0.54959 0.52463 0.49462 0.45985 0.42064 0.37739 0.33050 0.28042 0.22765 0.17268 0.11605 0.05831 0.00000
0.56036 0.55766 0.54959 0.53623 0.51771 0.49419 0.46592 0.43317 0.39624 0.35549 0.31132 0.26415 0.21444 0.16266 0.10932 0.05493 0.00000
0.50431 0.50188 0.49462 0.48260 0.46592 0.44476 0.41932 0.38984 0.35660 0.31993 0.28018 0.23773 0.19299 0.14639 0.09839 0.04943 0.00000
0.42888 0.42682 0.42064 0.41041 0.39624 0.37824 0.35660 0.33153 0.30327 0.27208 0.23827 0.20217 0.16413 0.12450 0.08367 0.04204 0.00000
0.33697 0.33535 0.33050 0.32246 0.31132 0.29718 0.28018 0.26048 0.23827 0.21377 0.18721 0.15885 0.12895 0.09782 0.06574 0.03303 0.00000
0.23211 0.23099 0.22765 0.22211 0.21444 0.20470 0.19299 0.17942 0.16413 0.14725 0.12895 0.10942 0.08882 0.06738 0.04528 0.02275 0.00000
0.11833 0.11776 0.11605 0.11323 0.10932 0.10436 0.09839 0.09147 0.08367 0.07507 0.06574 0.05578 0.04528 0.03435 0.02308 0.01160 0.00000
0.00000 0.00000 0.00000 0.00000 0.00000 0.00000 0.00000 0.00000 0.00000 0.00000 0.00000 0.00000 0.00000 0.00000 0.00000 0.00000 0.00000
-0.11833 -0.11776 -0.11605 -0.11323 -0.10932 -0.10436 -0.09839 -0.09147 -0.08367 -0.07507 -0.06574 -0.05578 -0.04528 -0.03435 -0.02308 -0.01160 -0.00000
-0.23211 -0.23099 -0.22765 -0.22211 -0.21444 -0.20470 -0.19299 -0.17942 -0.16413 -0.14725 -0.12895 -0.10942 -0.08882 -0.06738 -0.04528 -0.02275 -0.00000
-0.33697 -0.33535 -0.33050 -0.32246 -0.31132 -0.29718 -0.28018 -0.26048 -0.23827 -0.21377 -0.18721 -0.15885 -0.12895 -0.09782 -0.06574 -0.03303 -0.00000
-0.42888 -0.42682 -0.42064 -0.41041 -0.39624 -0.37824 -0.35660 -0.33153 -0.30327 -0.27208 -0.23827 -0.20217 -0.16413 -0.12450 -0.08367 -0.04204 -0.00000
-0.50431 -0.50188 -0.49462 -0.48260 -0.46592 -0.44476 -0.41932 -0.38984 -0.35660 -0.31993 -0.28018 -0.23773 -0.19299 -0.14639 -0.09839 -0.04943 -0.00000
-0.56036 -0.55766 -0.54959 -0.53623 -0.51771 -0.49419 -0.46592 -0.43317 -0.39624 -0.35549 -0.31132 -0.26415 -0.21444 -0.16266 -0.10932 -0.05493 -0.00000
-0.59488 -0.59201 -0.58345 -0.56926 -0.54959 -0.52463 -0.49462 -0.45985 -0.42064 -0.37739 -0.33050 -0.28042 -0.22765 -0.17268 -0.11605 -0.05831 -0.00000
-0.60653 -0.60361 -0.59488 -0.58041 -0.56036 -0.53491 -0.50431 -0.46885 -0.42888 -0.38478 -0.33697 -0.28592 -0.23211 -0.17607 -0.11833 -0.05945 -0.00000
-0.59488 -0.59201 -0.58345 -0.56926 -0.54959 -0.52463 -0.49462 -0.45985 -0.42064 -0.37739 -0.33050 -0.28042 -0.22765 -0.17268 -0.11605 -0.05831 -0.00000
-0.56036 -0.55766 -0.54959 -0.53623 -0.51771 -0.49419 -0.46592 -0.43317 -0.39624 -0.35549 -0.31132 -0.26415 -0.21444 -0.16266 -0.10932 -0.05493 -0.00000
-0.50431 -0.50188 -0.49462 -0.48260 -0.46592 -0.44476 -0.41932 -0.38984 -0.35660 -0.31993 -0.28018 -0.23773 -0.19299 -0.14639 -0.09839 -0.04943 -0.00000
-0.42888 -0.42682 -0.42064 -0.41041 -0.39624 -0.37824 -0.35660 -0.33153 -0.30327 -0.27208 -0.23827 -0.20217 -0.16413 -0.12450 -0.08367 -0.04204 -0.00000
-0.33697 -0.33535 -0.33050 -0.32246 -0.31132 -0.29718 -0.28018 -0.26048 -0.23827 -0.21377 -0.18721 -0.15885 -0.12895 -0.09782 -0.06574 -0.03303 -0.00000
-0.23211 -0.23099 -0.22765 -0.22211 -0.21444 -0.20470 -0.19299 -0.17942 -0.16413 -0.14725 -0.12895 -0.10942 -0.08882 -0.06738 -0.04528 -0.02275 -0.00000
-0.11833 -0.11776 -0.11605 -0.11323 -0.10932 -0.10436 -0.09839 -0.09147 -0.08367 -0.07507 -0.06574 -0.05578 -0.04528 -0.03435 -0.02308 -0.01160 -0.00000
-0.00000 -0.00000 -0.00000 -0.00000 -0.00000 -0.00000 -0.00000 -0.00000 -0.00000 -0.00000 -0.00000 -0.00000 -0.00000 -0.00000 -0.00000 -0.00000 -0.00000
0.11833 0.11776 0.11605 0.11323 0.10932 0.10436 0.09839 0.09147 0.08367 0.07507 0.06574 0.05578 0.04528 0.03435 0.02308 0.01160 0.00000
0.23211 0.23099 0.22765 0.22211 0.21444 0.20470 0.19299 0.17942 0.16413 0.14725 0.12895 0.10942 0.08882 0.06738 0.04528 0.02275 0.00000
0.33697 0.33535 0.33050 0.32246 0.31132 0.29718 0.28018 0.26048 0.23827 0.21377 0.18721 0.15885 0.12895 0.09782 0.06574 0.03303 0.00000
0.42888 0.42682 0.42064 0.41041 0.39624 0.37824 0.35660 0.33153 0.30327 0.27208 0.23827 0.20217 0.16413 0.12450 0.08367 0.04204 0.00000
0.50431 0.50188 0.49462 0.48260 0.46592 0.44476 0.41932 0.38984 0.35660 0.31993 0.28018 0.23773 0.19299 0.14639 0.09839 0.04943 0.00000
0.56036 0.55766 0.54959 0.53623 0.51771 0.49419 0.46592 0.43317 0.39624 0.35549 0.31132 0.26415 0.21444 0.16266 0.10932 0.05493 0.00000
0.59488 0.59201 0.58345 0.56926 0.54959 0.52463 0.49462 0.45985 0.42064 0.37739 0.33050 0.28042 0.22765 0.17268 0.11605 0.05831 0.00000
0.60653 0.60361 0.59488 0.58041 0.56036 0.53491 0.50431 0.46885 0.42888 0.38478 0.33697 0.28592 0.23211 0.17607 0.11833 0.05945 0.00000
