1.00000 0.98079 0.92388 0.83147 0.70711 0.55557 0.38268 0.19509 0.00000 -0.19509 -0.38268 -0.55557 -0.70711 -0.83147 -0.92388 -0.98079 -1.00000 -0.98079 -0.92388 -0.83147 -0.70711 -0.55557 -0.38268 -0.19509 -0.00000 0.19509 0.38268 0.55557 0.70711 0.83147 0.92388 0.98079 1.00000
0.99518 0.97606 0.91943 0.82747 0.70370 0.55290 0.38084 0.19415 0.00000 -0.19415 -0.38084 -0.55290 -0.70370 -0.82747 -0.91943 -0.97606 -0.99518 -0.97606 -0.91943 -0.82747 -0.70370 -0.55290 -0.38084 -0.19415 -0.00000 0.19415 0.38084 0.55290 0.70370 0.82747 0.91943 0.97606 0.99518
0.98079 0.96194 0.90613 0.81549 0.69352 0.54490 0.37533 0.19134 0.00000 -0.19134 -0.37533 -0.54490 -0.69352 -0.81549 -0.90613 -0.96194 -0.98079 -0.96194 -0.90613 -0.81549 -0.69352 -0.54490 -0.37533 -0.19134 -0.00000 0.19134 0.37533 0.54490 0.69352 0.81549 0.90613 0.96194 0.98079
0.95694 0.93855 0.88410 0.79567 0.67666 0.53165 0.36621 0.18669 0.00000 -0.18669 -0.36621 -0.53165 -0.67666 -0.79567 -0.88410 -0.93855 -0.95694 -0.93855 -0.88410 -0.79567 -0.67666 -0.53165 -0.36621 -0.18669 -0.00000 0.18669 0.36621 0.53165 0.67666 0.79567 0.88410 0.93855 0.95694
0.92388 0.90613 0.85355 0.76818 0.65328 0.51328 0.35355 0.18024 0.00000 -0.18024 -0.35355 -0.51328 -0.65328 -0.76818 -0.85355 -0.90613 -0.92388 -0.90613 -0.85355 -0.76818 -0.65328 -0.51328 -0.35355 -0.18024 -0.00000 0.18024 0.35355 0.51328 0.65328 0.76818 0.85355 0.90613 0.92388
0.88192 0.86498 0.81479 0.73329 0.62361 0.48997 0.33750 0.17205 0.00000 -0.17205 -0.33750 -0.48997 -0.62361 -0.73329 -0.81479 -0.86498 -0.88192 -0.86498 -0.81479 -0.73329 -0.62361 -0.48997 -0.33750 -0.17205 -0.00000 0.17205 0.33750 0.48997 0.62361 0.73329 0.81479 0.86498 0.88192
0.83147 0.81549 0.76818 0.69134 0.58794 0.46194 0.31819 0.16221 0.00000 -0.16221 -0.31819 -0.46194 -0.58794 -0.69134 -0.76818 -0.81549 -0.83147 -0.81549 -0.76818 -0.69134 -0.58794 -0.46194 -0.31819 -0.16221 -0.00000 0.16221 0.31819 0.46194 0.58794 0.69134 0.76818 0.81549 0.83147
0.77301 0.75816 0.71417 0.64273 0.54660 0.42946 0.29582 0.15081 0.00000 -0.15081 -0.29582 -0.42946 -0.54660 -0.64273 -0.71417 -0.75816 -0.77301 -0.75816 -0.71417 -0.64273 -0.54660 -0.42946 -0.29582 -0.15081 -0.00000 0.15081 0.29582 0.42946 0.54660 0.64273 0.71417 0.75816 0.77301
0.70711 0.69352 0.65328 0.58794 0.50000 0.39285 0.27060 0.13795 0.00000 -0.13795 -0.27060 -0.39285 -0.50000 -0.58794 -0.65328 -0.69352 -0.70711 -0.69352 -0.65328 -0.58794 -0.50000 -0.39285 -0.27060 -0.13795 -0.00000 0.13795 0.27060 0.39285 0.50000 0.58794 0.65328 0.69352 0.70711
0.63439 0.62220 0.58610 0.52748 0.44858 0.35245 0.24277 0.12376 0.00000 -0.12376 -0.24277 -0.35245 -0.44858 -0.52748 -0.58610 -0.62220 -0.63439 -0.62220 -0.58610 -0.52748 -0.44858 -0.35245 -0.24277 -0.12376 -0.00000 0.12376 0.24277 0.35245 0.44858 0.52748 0.58610 0.62220 0.63439
0.55557 0.54490 0.51328 0.46194 0.39285 0.30866 0.21261 0.10839 0.00000 -0.10839 -0.21261 -0.30866 -0.39285 -0.46194 -0.51328 -0.54490 -0.55557 -0.54490 -0.51328 -0.46194 -0.39285 -0.30866 -0.21261 -0.10839 -0.00000 0.10839 0.21261 0.30866 0.39285 0.46194 0.51328 0.54490 0.55557
0.47140 0.46234 0.43551 0.39195 0.33333 0.26189 0.18040 0.09196 0.00000 -0.09196 -0.18040 -0.26189 -0.33333 -0.39195 -0.43551 -0.46234 -0.47140 -0.46234 -0.43551 -0.39195 -0.33333 -0.26189 -0.18040 -0.09196 -0.00000 0.09196 0.18040 0.26189 0.33333 0.39195 0.43551 0.46234 0.47140
0.38268 0.37533 0.35355 0.31819 0.27060 0.21261 0.14645 0.07466 0.00000 -0.07466 -0.14645 -0.21261 -0.27060 -0.31819 -0.35355 -0.37533 -0.38268 -0.37533 -0.35355 -0.31819 -0.27060 -0.21261 -0.14645 -0.07466 -0.00000 0.07466 0.14645 0.21261 0.27060 0.31819 0.35355 0.37533 0.38268
0.29028 0.28471 0.26819 0.24136 0.20526 0.16127 0.11109 0.05663 0.00000 -0.05663 -0.11109 -0.16127 -0.20526 -0.24136 -0.26819 -0.28471 -0.29028 -0.28471 -0.26819 -0.24136 -0.20526 -0.16127 -0.11109 -0.05663 -0.00000 0.05663 0.11109 0.16127 0.20526 0.24136 0.26819 0.28471 0.29028
0.19509 0.19134 0.18024 0.16221 0.13795 0.10839 0.07466 0.03806 0.00000 -0.03806 -0.07466 -0.10839 -0.13795 -0.16221 -0.18024 -0.19134 -0.19509 -0.19134 -0.18024 -0.16221 -0.13795 -0.10839 -0.07466 -0.03806 -0.00000 0.03806 0.07466 0.10839 0.13795 0.16221 0.18024 0.19134 0.19509
0.09802 0.09613 0.09056 0.08150 0.06931 0.05446 0.03751 0.01912 0.00000 -0.01912 -0.03751 -0.05446 -0.06931 -0.08150 -0.09056 -0.09613 -0.09802 -0.09613 -0.09056 -0.08150 -0.06931 -0.05446 -0.03751 -0.01912 -0.00000 0.01912 0.03751 0.05446 0.06931 0.08150 0.09056 0.09613 0.09802
0.00000 0.00000 0.00000 0.00000 0.00000 0.00000 0.00000 0.00000 0.00000 -0.00000 -0.00000 -0.00000 -0.00000 -0.00000 -0.00000 -0.00000 -0.00000 -0.00000 -0.00000 -0.00000 -0.00000 -0.00000 -0.00000 -0.00000 -0.00000 0.00000 0.00000 0.00000 0.00000 0.00000 0.00000 0.00000 0.00000

0.95123 0.93295 0.87882 0.79092 0.67262 0.52847 0.36402 0.18558 0.00000 -0.18558 -0.36402 -0.52847 -0.67262 -0.79092 -0.87882 -0.93295 -0.95123 -0.93295 -0.87882 -0.79092 -0.67262 -0.52847 -0.36402 -0.18558 -0.00000 0.18558 0.36402 0.52847 0.67262 0.79092 0.87882 0.93295 0.00000
0.94665 0.93219 0.87634 0.78805 0.66996 0.52631 0.36251 0.18480 0.00000 -0.18479 -0.36248 -0.52624 -0.66977 -0.78757 -0.87510 -0.92900 -0.94720 -0.92900 -0.87510 -0.78757 -0.66978 -0.52626 -0.36252 -0.18491 -0.00030 0.18402 0.36050 0.52114 0.65664 0.75375 0.78799 0.70464 0.00000
0.93295 0.92013 0.86433 0.77701 0.66049 0.51884 0.35735 0.18217 0.00001 -0.18216 -0.35731 -0.51874 -0.66023 -0.77635 -0.86264 -0.91577 -0.93371 -0.91577 -0.86264 -0.77636 -0.66024 -0.51877 -0.35738 -0.18232 -0.00041 0.18111 0.35461 0.51177 0.64227 0.73009 0.74350 0.60892 0.00000
0.91027 0.89830 0.84357 0.75826 0.64451 0.50628 0.34870 0.17776 0.00001 -0.17774 -0.34866 -0.50617 -0.64424 -0.75754 -0.84174 -0.89358 -0.91109 -0.89359 -0.84174 -0.75755 -0.64425 -0.50620 -0.34873 -0.17792 -0.00044 0.17661 0.34573 0.49863 0.62480 0.70748 0.71279 0.56146 0.00000
0.87882 0.86747 0.81452 0.73211 0.62228 0.48881 0.33667 0.17163 0.00001 -0.17161 -0.33662 -0.48870 -0.62200 -0.73140 -0.81269 -0.86274 -0.87965 -0.86274 -0.81269 -0.73140 -0.62201 -0.48873 -0.33669 -0.17178 -0.00044 0.17047 0.33369 0.48113 0.60250 0.68118 0.68334 0.52960 0.00000
0.83891 0.82816 0.77757 0.69888 0.59403 0.46662 0.32138 0.16383 0.00001 -0.16382 -0.32134 -0.46652 -0.59376 -0.69819 -0.77579 -0.82357 -0.83971 -0.82357 -0.77579 -0.69819 -0.59377 -0.46654 -0.32141 -0.16399 -0.00043 0.16271 0.31849 0.45918 0.57487 0.64953 0.65047 0.50080 0.00000
0.79092 0.78081 0.73310 0.65891 0.56005 0.43993 0.30300 0.15446 0.00001 -0.15445 -0.30296 -0.43983 -0.55980 -0.65825 -0.73141 -0.77646 -0.79168 -0.77646 -0.73141 -0.65826 -0.55981 -0.43985 -0.30302 -0.15461 -0.00041 0.15340 0.30026 0.43287 0.54188 0.61211 0.61256 0.47035 0.00000
0.73531 0.72592 0.68156 0.61259 0.52068 0.40900 0.28170 0.14360 0.00001 -0.14359 -0.28166 -0.40891 -0.52044 -0.61197 -0.67999 -0.72187 -0.73602 -0.72187 -0.67999 -0.61198 -0.52045 -0.40893 -0.28172 -0.14374 -0.00038 0.14261 0.27914 0.40243 0.50374 0.56897 0.56923 0.43660 0.00000
0.67262 0.66404 0.62346 0.56036 0.47629 0.37413 0.25768 0.13136 0.00000 -0.13135 -0.25765 -0.37405 -0.47607 -0.55980 -0.62202 -0.66033 -0.67327 -0.66033 -0.62202 -0.55980 -0.47608 -0.37407 -0.25770 -0.13148 -0.00035 0.13045 0.25534 0.36811 0.46078 0.52042 0.52060 0.39912 0.00000
0.60345 0.59576 0.55935 0.50274 0.42731 0.33566 0.23118 0.11785 0.00000 -0.11784 -0.23115 -0.33558 -0.42712 -0.50224 -0.55805 -0.59243 -0.60403 -0.59243 -0.55805 -0.50224 -0.42712 -0.33560 -0.23120 -0.11796 -0.00031 0.11704 0.22908 0.33025 0.41339 0.46689 0.46703 0.35798 0.00000
0.52847 0.52173 0.48985 0.44027 0.37422 0.29395 0.20246 0.10321 0.00000 -0.10320 -0.20243 -0.29389 -0.37405 -0.43983 -0.48872 -0.51882 -0.52898 -0.51882 -0.48872 -0.43984 -0.37405 -0.29390 -0.20247 -0.10331 -0.00027 0.10250 0.20062 0.28922 0.36203 0.40888 0.40898 0.31346 0.00000
0.44841 0.44269 0.41563 0.37357 0.31752 0.24942 0.17178 0.08757 0.00000 -0.08756 -0.17176 -0.24936 -0.31738 -0.37319 -0.41467 -0.44021 -0.44884 -0.44021 -0.41467 -0.37320 -0.31738 -0.24937 -0.17180 -0.08765 -0.00023 0.08697 0.17023 0.24540 0.30718 0.34693 0.34701 0.26596 0.00000
0.36402 0.35938 0.33741 0.30326 0.25777 0.20248 0.13946 0.07109 0.00000 -0.07108 -0.13944 -0.20243 -0.25765 -0.30296 -0.33663 -0.35737 -0.36437 -0.35737 -0.33663 -0.30296 -0.25765 -0.20244 -0.13947 -0.07116 -0.00019 0.07060 0.13819 0.19922 0.24937 0.28164 0.28171 0.21590 0.00000
0.27613 0.27261 0.25595 0.23004 0.19553 0.15359 0.10578 0.05393 0.00000 -0.05392 -0.10577 -0.15356 -0.19544 -0.22981 -0.25535 -0.27108 -0.27639 -0.27108 -0.25535 -0.22981 -0.19544 -0.15356 -0.10579 -0.05398 -0.00014 0.05355 0.10482 0.15112 0.18916 0.21363 0.21369 0.16377 0.00000
0.18558 0.18321 0.17201 0.15460 0.13141 0.10322 0.07109 0.03624 0.00000 -0.03624 -0.07108 -0.10320 -0.13135 -0.15445 -0.17161 -0.18218 -0.18575 -0.18218 -0.17161 -0.15445 -0.13135 -0.10320 -0.07110 -0.03628 -0.00010 0.03599 0.07045 0.10156 0.12713 0.14358 0.14361 0.11006 0.00000
0.09324 0.09205 0.08642 0.07768 0.06602 0.05186 0.03572 0.01821 0.00000 -0.01821 -0.03571 -0.05185 -0.06599 -0.07760 -0.08622 -0.09153 -0.09333 -0.09153 -0.08622 -0.07760 -0.06599 -0.05185 -0.03572 -0.01823 -0.00005 0.01808 0.03539 0.05103 0.06387 0.07214 0.07215 0.05530 0.00000
0.00000 0.00000 0.00000 0.00000 0.00000 0.00000 0.00000 0.00000 0.00000 0.00000 0.00000 0.00000 0.00000 0.00000 0.00000 0.00000 0.00000 0.00000 0.00000 0.00000 0.00000 0.00000 0.00000 0.00000 0.00000 0.00000 0.00000 0.00000 0.00000 0.00000 0.00000 0.00000 0.00000

0.90484 0.88745 0.83596 0.75234 0.63982 0.50270 0.34627 0.17653 0.00000 -0.17653 -0.34627 -0.50270 -0.63982 -0.75234 -0.83596 -0.88745 -0.90484 -0.88745 -0.83596 -0.75234 -0.63982 -0.50270 -0.34627 -0.17653 -0.00000 0.17653 0.34627 0.50270 0.63982 0.75234 0.83596 0.88745 0.00000
0.90048 0.88794 0.83466 0.75036 0.63778 0.50096 0.34502 0.17589 0.00001 -0.17585 -0.34494 -0.50078 -0.63738 -0.74947 -0.83277 -0.88407 -0.90139 -0.88407 -0.83278 -0.74949 -0.63741 -0.50086 -0.34513 -0.17629 -0.00103 0.17344 0.33935 0.48797 0.60848 0.68561 0.69548 0.60047 0.00000
0.88745 0.87720 0.82388 0.74030 0.62906 0.49405 0.34024 0.17344 0.00002 -0.17338 -0.34012 -0.49378 -0.62846 -0.73899 -0.82112 -0.87170 -0.88878 -0.87170 -0.82113 -0.73901 -0.62851 -0.49390 -0.34040 -0.17406 -0.00158 0.16970 0.33160 0.47439 0.58509 0.64420 0.62055 0.46735 0.00000
0.86588 0.85679 0.80444 0.72268 0.61401 0.48219 0.33206 0.16927 0.00003 -0.16920 -0.33192 -0.48188 -0.61332 -0.72119 -0.80135 -0.85070 -0.86737 -0.85071 -0.80136 -0.72122 -0.61338 -0.48202 -0.33226 -0.16999 -0.00183 0.16496 0.32213 0.45967 0.56384 0.61369 0.57584 0.40220 0.00000
0.83596 0.82758 0.77691 0.69788 0.59290 0.46561 0.32064 0.16345 0.00003 -0.16338 -0.32049 -0.46528 -0.59220 -0.69635 -0.77374 -0.82140 -0.83749 -0.82141 -0.77375 -0.69638 -0.59226 -0.46543 -0.32084 -0.16420 -0.00190 0.15897 0.31035 0.44230 0.54113 0.58575 0.54279 0.36540 0.00000
0.79800 0.79016 0.74174 0.66625 0.56603 0.44449 0.30609 0.15603 0.00003 -0.15596 -0.30595 -0.44417 -0.56533 -0.66476 -0.73864 -0.78414 -0.79950 -0.78414 -0.73865 -0.66478 -0.56539 -0.44432 -0.30629 -0.15677 -0.00187 0.15162 0.29596 0.42155 0.51511 0.55618 0.51243 0.33916 0.00000
0.75234 0.74503 0.69935 0.62817 0.53367 0.41908 0.28859 0.14711 0.00003 -0.14704 -0.28845 -0.41877 -0.53300 -0.62674 -0.69640 -0.73929 -0.75378 -0.73930 -0.69641 -0.62677 -0.53306 -0.41891 -0.28878 -0.14782 -0.00179 0.14289 0.27889 0.39715 0.48502 0.52307 0.48067 0.31575 0.00000
0.69945 0.69267 0.65020 0.58402 0.49615 0.38962 0.26830 0.13677 0.00002 -0.13671 -0.26818 -0.38933 -0.49553 -0.58268 -0.64744 -0.68732 -0.70079 -0.68733 -0.64745 -0.58271 -0.49558 -0.38946 -0.26848 -0.13743 -0.00168 0.13282 0.25923 0.36910 0.45065 0.48575 0.44585 0.29190 0.00000
0.63982 0.63363 0.59478 0.53423 0.45386 0.35640 0.24543 0.12511 0.00002 -0.12505 -0.24531 -0.35614 -0.45329 -0.53301 -0.59225 -0.62873 -0.64105 -0.62873 -0.59226 -0.53303 -0.45334 -0.35626 -0.24559 -0.12572 -0.00154 0.12148 0.23710 0.33758 0.41212 0.44411 0.40741 0.26635 0.00000
0.57402 0.56848 0.53362 0.47930 0.40719 0.31975 0.22019 0.11225 0.00002 -0.11219 -0.22009 -0.31952 -0.40667 -0.47820 -0.53135 -0.56407 -0.57513 -0.56408 -0.53135 -0.47822 -0.40672 -0.31963 -0.22034 -0.11279 -0.00138 0.10899 0.21271 0.30284 0.36969 0.39835 0.36535 0.23869 0.00000
0.50270 0.49785 0.46732 0.41975 0.35660 0.28003 0.19284 0.09830 0.00002 -0.09825 -0.19274 -0.27982 -0.35615 -0.41878 -0.46533 -0.49399 -0.50367 -0.49399 -0.46533 -0.41880 -0.35618 -0.27991 -0.19296 -0.09878 -0.00121 0.09544 0.18628 0.26520 0.32374 0.34881 0.31988 0.20892 0.00000
0.42654 0.42242 0.39652 0.35615 0.30257 0.23760 0.16362 0.08341 0.00001 -0.08337 -0.16354 -0.23743 -0.30219 -0.35533 -0.39483 -0.41915 -0.42736 -0.41915 -0.39483 -0.35535 -0.30222 -0.23750 -0.16373 -0.08381 -0.00103 0.08098 0.15805 0.22502 0.27468 0.29595 0.27139 0.17723 0.00000
0.34627 0.34292 0.32190 0.28913 0.24563 0.19289 0.13283 0.06771 0.00001 -0.06768 -0.13276 -0.19274 -0.24532 -0.28846 -0.32052 -0.34027 -0.34693 -0.34027 -0.32053 -0.28847 -0.24534 -0.19281 -0.13292 -0.06804 -0.00084 0.06574 0.12831 0.18267 0.22299 0.24025 0.22031 0.14386 0.00000
0.26266 0.26012 0.24417 0.21932 0.18632 0.14631 0.10076 0.05136 0.00001 -0.05134 -0.10071 -0.14621 -0.18609 -0.21881 -0.24313 -0.25811 -0.26317 -0.25811 -0.24314 -0.21882 -0.18611 -0.14625 -0.10082 -0.05161 -0.00063 0.04987 0.09733 0.13857 0.16915 0.18224 0.16711 0.10912 0.00000
0.17653 0.17482 0.16410 0.14740 0.12522 0.09833 0.06771 0.03452 0.00001 -0.03450 -0.06768 -0.09826 -0.12506 -0.14706 -0.16340 -0.17347 -0.17686 -0.17347 -0.16340 -0.14706 -0.12508 -0.09829 -0.06776 -0.03469 -0.00043 0.03351 0.06541 0.09312 0.11368 0.12248 0.11231 0.07333 0.00000
0.08869 0.08783 0.08245 0.07405 0.06291 0.04940 0.03402 0.01734 0.00000 -0.01733 -0.03400 -0.04937 -0.06283 -0.07388 -0.08210 -0.08715 -0.08886 -0.08715 -0.08210 -0.07389 -0.06284 -0.04938 -0.03404 -0.01743 -0.00021 0.01684 0.03286 0.04679 0.05711 0.06153 0.05642 0.03684 0.00000
0.00000 0.00000 0.00000 0.00000 0.00000 0.00000 0.00000 0.00000 0.00000 0.00000 0.00000 0.00000 0.00000 0.00000 0.00000 0.00000 0.00000 0.00000 0.00000 0.00000 0.00000 0.00000 0.00000 0.00000 0.00000 0.00000 0.00000 0.00000 0.00000 0.00000 0.00000 0.00000 0.00000

0.86071 0.84417 0.79519 0.71565 0.60861 0.47818 0.32938 0.16792 0.00000 -0.16792 -0.32938 -0.47818 -0.60861 -0.71565 -0.79519 -0.84417 -0.86071 -0.84417 -0.79519 -0.71565 -0.60861 -0.47818 -0.32938 -0.16792 -0.00000 0.16792 0.32938 0.47818 0.60861 0.71565 0.79519 0.84417 0.00000
0.85656 0.84516 0.79458 0.71430 0.60707 0.47680 0.32837 0.16740 0.00003 -0.16732 -0.32822 -0.47652 -0.60649 -0.71316 -0.79242 -0.84123 -0.85771 -0.84124 -0.79244 -0.71320 -0.60658 -0.47672 -0.32868 -0.16833 -0.00218 0.16261 0.31820 0.45560 0.56383 0.62856 0.63025 0.54284 0.00000
0.84417 0.83533 0.78479 0.70512 0.59907 0.47043 0.32394 0.16514 0.00005 -0.16501 -0.32371 -0.46997 -0.59816 -0.70336 -0.78153 -0.82967 -0.84593 -0.82968 -0.78156 -0.70343 -0.59831 -0.47031 -0.32447 -0.16668 -0.00359 0.15732 0.30745 0.43638 0.53059 0.57184 0.53600 0.39540 0.00000
0.82365 0.81614 0.76657 0.68859 0.58493 0.45927 0.31624 0.16121 0.00006 -0.16106 -0.31596 -0.45872 -0.58385 -0.68653 -0.76283 -0.80982 -0.82569 -0.80983 -0.76287 -0.68661 -0.58403 -0.45913 -0.31689 -0.16308 -0.00435 0.15178 0.29645 0.41866 0.50390 0.53260 0.47990 0.32115 0.00000
0.79519 0.78845 0.74050 0.66511 0.56493 0.44355 0.30541 0.15569 0.00006 -0.15552 -0.30511 -0.44296 -0.56379 -0.66295 -0.73663 -0.78200 -0.79733 -0.78202 -0.73667 -0.66303 -0.56399 -0.44341 -0.30610 -0.15770 -0.00465 0.14562 0.28433 0.40044 0.47933 0.50135 0.44227 0.28053 0.00000
0.75908 0.75288 0.70707 0.63505 0.53938 0.42347 0.29158 0.14864 0.00006 -0.14847 -0.29128 -0.42289 -0.53824 -0.63291 -0.70325 -0.74657 -0.76120 -0.74658 -0.70329 -0.63299 -0.53844 -0.42334 -0.29228 -0.15066 -0.00468 0.13853 0.27046 0.38037 0.45401 0.47231 0.41218 0.25449 0.00000
0.71565 0.70991 0.66671 0.59879 0.50857 0.39928 0.27492 0.14014 0.00006 -0.13998 -0.27463 -0.39872 -0.50747 -0.59673 -0.66305 -0.70389 -0.71769 -0.70391 -0.66309 -0.59681 -0.50767 -0.39915 -0.27560 -0.14210 -0.00452 0.13038 0.25452 0.35770 0.42633 0.44231 0.38396 0.23402 0.00000
0.66534 0.66005 0.61988 0.55672 0.47284 0.37122 0.25560 0.13030 0.00006 -0.13014 -0.25533 -0.37069 -0.47181 -0.55479 -0.61645 -0.65442 -0.66725 -0.65443 -0.61648 -0.55487 -0.47199 -0.37110 -0.25624 -0.13214 -0.00426 0.12110 0.23641 0.33212 0.39556 0.40984 0.35486 0.21497 0.00000
0.60861 0.60379 0.56705 0.50927 0.43253 0.33958 0.23381 0.11919 0.00005 -0.11905 -0.23356 -0.33909 -0.43159 -0.50750 -0.56390 -0.59864 -0.61037 -0.59865 -0.56393 -0.50757 -0.43176 -0.33947 -0.23440 -0.12089 -0.00392 0.11073 0.21615 0.30361 0.36147 0.37428 0.32366 0.19552 0.00000
0.54603 0.54171 0.50875 0.45691 0.38806 0.30466 0.20977 0.10693 0.00005 -0.10681 -0.20955 -0.30423 -0.38721 -0.45531 -0.50592 -0.53708 -0.54760 -0.53709 -0.50594 -0.45538 -0.38736 -0.30456 -0.21030 -0.10846 -0.00353 0.09932 0.19388 0.27230 0.32414 0.33552 0.28997 0.17493 0.00000
0.47818 0.47441 0.44554 0.40014 0.33985 0.26681 0.18371 0.09365 0.00004 -0.09354 -0.18351 -0.26643 -0.33910 -0.39874 -0.44306 -0.47035 -0.47957 -0.47036 -0.44308 -0.39880 -0.33923 -0.26672 -0.18417 -0.09499 -0.00310 0.08697 0.16977 0.23843 0.28380 0.29371 0.25377 0.15300 0.00000
0.40573 0.40253 0.37804 0.33952 0.28836 0.22639 0.15588 0.07946 0.00004 -0.07937 -0.15571 -0.22606 -0.28772 -0.33833 -0.37593 -0.39909 -0.40691 -0.39910 -0.37595 -0.33838 -0.28784 -0.22631 -0.15627 -0.08060 -0.00263 0.07379 0.14404 0.20229 0.24077 0.24916 0.21524 0.12973 0.00000
0.32938 0.32678 0.30690 0.27562 0.23409 0.18378 0.12654 0.06451 0.00003 -0.06443 -0.12641 -0.18352 -0.23358 -0.27466 -0.30518 -0.32398 -0.33033 -0.32399 -0.30520 -0.27470 -0.23367 -0.18372 -0.12686 -0.06543 -0.00214 0.05990 0.11693 0.16421 0.19545 0.20225 0.17471 0.10529 0.00000
0.24985 0.24788 0.23280 0.20907 0.17757 0.13941 0.09599 0.04893 0.00002 -0.04887 -0.09588 -0.13921 -0.17718 -0.20834 -0.23150 -0.24576 -0.25057 -0.24576 -0.23151 -0.20837 -0.17725 -0.13936 -0.09623 -0.04963 -0.00162 0.04544 0.08870 0.12456 0.14825 0.15341 0.13251 0.07985 0.00000
0.16792 0.16659 0.15645 0.14051 0.11934 0.09369 0.06451 0.03289 0.00001 -0.03285 -0.06444 -0.09356 -0.11908 -0.14002 -0.15558 -0.16517 -0.16840 -0.16517 -0.15559 -0.14004 -0.11912 -0.09366 -0.06467 -0.03336 -0.00109 0.03054 0.05961 0.08371 0.09963 0.10310 0.08905 0.05366 0.00000
0.08436 0.08370 0.07861 0.07060 0.05996 0.04707 0.03241 0.01652 0.00001 -0.01650 -0.03238 -0.04700 -0.05983 -0.07035 -0.07817 -0.08298 -0.08461 -0.08298 -0.07817 -0.07036 -0.05985 -0.04706 -0.03249 -0.01676 -0.00055 0.01534 0.02995 0.04206 0.05006 0.05180 0.04474 0.02696 0.00000
0.00000 0.00000 0.00000 0.00000 0.00000 0.00000 0.00000 0.00000 0.00000 0.00000 0.00000 0.00000 0.00000 0.00000 0.00000 0.00000 0.00000 0.00000 0.00000 0.00000 0.00000 0.00000 0.00000 0.00000 0.00000 0.00000 0.00000 0.00000 0.00000 0.00000 0.00000 0.00000 0.00000

0.81873 0.80300 0.75641 0.68075 0.57893 0.45486 0.31331 0.15973 0.00000 -0.15973 -0.31331 -0.45486 -0.57893 -0.68075 -0.75641 -0.80300 -0.81873 -0.80300 -0.75641 -0.68075 -0.57893 -0.45486 -0.31331 -0.15973 -0.00000 0.15973 0.31331 0.45486 0.57893 0.68075 0.75641 0.80300 0.00000
0.81479 0.80421 0.75622 0.67985 0.57778 0.45378 0.31251 0.15931 0.00005 -0.15919 -0.31230 -0.45340 -0.57707 -0.67857 -0.75399 -0.80043 -0.81611 -0.80044 -0.75402 -0.67866 -0.57726 -0.45381 -0.31317 -0.16100 -0.00367 0.15182 0.29768 0.42512 0.52374 0.58086 0.58053 0.50228 0.00000
0.80300 0.79508 0.74722 0.67143 0.57043 0.44790 0.30842 0.15723 0.00009 -0.15702 -0.30807 -0.44727 -0.56927 -0.66940 -0.74380 -0.78962 -0.80510 -0.78964 -0.74387 -0.66956 -0.56961 -0.44799 -0.30958 -0.16015 -0.00629 0.14447 0.28343 0.40018 0.48197 0.51316 0.47557 0.35068 0.00000
0.78348 0.77697 0.73010 0.65591 0.55714 0.43742 0.30118 0.15354 0.00011 -0.15328 -0.30074 -0.43664 -0.55575 -0.65349 -0.72613 -0.77086 -0.78597 -0.77089 -0.72621 -0.65369 -0.55617 -0.43755 -0.30265 -0.15721 -0.00787 0.13766 0.27026 0.37885 0.44976 0.46661 0.41194 0.27243 0.00000
0.75641 0.75072 0.70542 0.63368 0.53821 0.42253 0.29091 0.14831 0.00012 -0.14802 -0.29044 -0.42169 -0.53672 -0.63112 -0.70126 -0.74446 -0.75906 -0.74450 -0.70136 -0.63133 -0.53719 -0.42269 -0.29254 -0.15234 -0.00863 0.13095 0.25725 0.35910 0.42269 0.43186 0.37055 0.22965 0.00000
0.72206 0.71691 0.67366 0.60513 0.51394 0.40346 0.27778 0.14161 0.00012 -0.14132 -0.27730 -0.40260 -0.51243 -0.60256 -0.66953 -0.71078 -0.72471 -0.71081 -0.66963 -0.60278 -0.51291 -0.40363 -0.27944 -0.14574 -0.00882 0.12391 0.24355 0.33915 0.39729 0.40246 0.33996 0.20341 0.00000
0.68075 0.67603 0.63526 0.57063 0.48462 0.38044 0.26193 0.13353 0.00012 -0.13325 -0.26146 -0.37961 -0.48316 -0.56814 -0.63129 -0.67018 -0.68332 -0.67021 -0.63139 -0.56836 -0.48363 -0.38061 -0.26356 -0.13757 -0.00862 0.11624 0.22854 0.31784 0.37136 0.37447 0.31371 0.18438 0.00000
0.63289 0.62856 0.59066 0.53056 0.45059 0.35372 0.24353 0.12416 0.00011 -0.12388 -0.24309 -0.35293 -0.44921 -0.52822 -0.58693 -0.62309 -0.63531 -0.62313 -0.58703 -0.52843 -0.44966 -0.35389 -0.24508 -0.12799 -0.00817 0.10777 0.21193 0.29453 0.34364 0.34569 0.28837 0.16800 0.00000
0.57893 0.57500 0.54034 0.48536 0.41220 0.32358 0.22278 0.11358 0.00010 -0.11332 -0.22237 -0.32285 -0.41092 -0.48320 -0.53691 -0.56998 -0.58116 -0.57002 -0.53699 -0.48339 -0.41134 -0.32374 -0.22421 -0.11712 -0.00756 0.09844 0.19359 0.26895 0.31356 0.31504 0.26224 0.15212 0.00000
0.51940 0.51589 0.48479 0.43546 0.36982 0.29031 0.19987 0.10190 0.00009 -0.10167 -0.19950 -0.28966 -0.36867 -0.43352 -0.48170 -0.51138 -0.52140 -0.51141 -0.48178 -0.43369 -0.36905 -0.29046 -0.20117 -0.10510 -0.00682 0.08825 0.17355 0.24106 0.28095 0.28209 0.23455 0.13578 0.00000
0.45486 0.45179 0.42456 0.38136 0.32388 0.25424 0.17504 0.08924 0.00008 -0.08904 -0.17472 -0.25367 -0.32287 -0.37966 -0.42185 -0.44784 -0.45662 -0.44787 -0.42192 -0.37981 -0.32320 -0.25437 -0.17618 -0.09205 -0.00599 0.07725 0.15193 0.21101 0.24587 0.24678 0.20509 0.11860 0.00000
0.38595 0.38335 0.36024 0.32358 0.27481 0.21572 0.14852 0.07572 0.00007 -0.07555 -0.14825 -0.21524 -0.27395 -0.32214 -0.35794 -0.37999 -0.38744 -0.38001 -0.35800 -0.32227 -0.27423 -0.21583 -0.14949 -0.07811 -0.00509 0.06553 0.12888 0.17899 0.20854 0.20928 0.17387 0.10050 0.00000
0.31331 0.31120 0.29245 0.26269 0.22309 0.17513 0.12057 0.06147 0.00006 -0.06133 -0.12035 -0.17473 -0.22240 -0.26151 -0.29058 -0.30848 -0.31453 -0.30850 -0.29063 -0.26162 -0.22262 -0.17522 -0.12136 -0.06341 -0.00413 0.05319 0.10462 0.14529 0.16927 0.16985 0.14109 0.08153 0.00000
0.23766 0.23606 0.22184 0.19926 0.16923 0.13284 0.09146 0.04663 0.00004 -0.04652 -0.09129 -0.13254 -0.16870 -0.19837 -0.22042 -0.23400 -0.23859 -0.23401 -0.22046 -0.19845 -0.16887 -0.13291 -0.09206 -0.04810 -0.00314 0.04035 0.07935 0.11020 0.12838 0.12882 0.10700 0.06183 0.00000
0.15973 0.15865 0.14909 0.13392 0.11373 0.08928 0.06147 0.03134 0.00003 -0.03127 -0.06135 -0.08908 -0.11338 -0.13332 -0.14814 -0.15726 -0.16035 -0.15727 -0.14816 -0.13337 -0.11349 -0.08932 -0.06187 -0.03233 -0.00211 0.02711 0.05333 0.07406 0.08628 0.08657 0.07190 0.04154 0.00000
0.08025 0.07971 0.07490 0.06728 0.05714 0.04486 0.03088 0.01574 0.00001 -0.01571 -0.03082 -0.04475 -0.05696 -0.06698 -0.07443 -0.07901 -0.08056 -0.07902 -0.07444 -0.06701 -0.05702 -0.04488 -0.03108 -0.01624 -0.00106 0.01362 0.02679 0.03721 0.04335 0.04349 0.03612 0.02087 0.00000
0.00000 0.00000 0.00000 0.00000 0.00000 0.00000 0.00000 0.00000 0.00000 0.00000 0.00000 0.00000 0.00000 0.00000 0.00000 0.00000 0.00000 0.00000 0.00000 0.00000 0.00000 0.00000 0.00000 0.00000 0.00000 0.00000 0.00000 0.00000 0.00000 0.00000 0.00000 0.00000 0.00000

0.77880 0.76384 0.71952 0.64755 0.55070 0.43268 0.29803 0.15194 0.00000 -0.15194 -0.29803 -0.43268 -0.55070 -0.64755 -0.71952 -0.76384 -0.77880 -0.76384 -0.71952 -0.64755 -0.55070 -0.43268 -0.29803 -0.15194 -0.00000 0.15194 0.29803 0.43268 0.55070 0.64755 0.71952 0.76384 0.00000
0.77505 0.76516 0.71960 0.64697 0.54985 0.43184 0.29740 0.15162 0.00007 -0.15145 -0.29713 -0.43139 -0.54906 -0.64563 -0.71739 -0.76158 -0.77651 -0.76161 -0.71747 -0.64580 -0.54941 -0.43210 -0.29855 -0.15425 -0.00536 0.14130 0.27820 0.39694 0.48797 0.54016 0.53997 0.46970 0.00000
0.76384 0.75661 0.71126 0.63920 0.54307 0.42642 0.29363 0.14971 0.00013 -0.14941 -0.29317 -0.42564 -0.54176 -0.63704 -0.70785 -0.75146 -0.76620 -0.75151 -0.70799 -0.63735 -0.54238 -0.42691 -0.29570 -0.15437 -0.00944 0.13167 0.26042 0.36689 0.43955 0.46526 0.42974 0.31862 0.00000
0.74527 0.73949 0.69513 0.62461 0.53058 0.41656 0.28682 0.14624 0.00016 -0.14586 -0.28624 -0.41559 -0.52897 -0.62201 -0.69115 -0.73373 -0.74813 -0.73380 -0.69133 -0.62240 -0.52978 -0.41724 -0.28951 -0.15225 -0.01209 0.12327 0.24483 0.34201 0.40261 0.41335 0.36167 0.23921 0.00000
0.71952 0.71458 0.67176 0.60357 0.51267 0.40247 0.27711 0.14130 0.00018 -0.14087 -0.27646 -0.40141 -0.51092 -0.60078 -0.66756 -0.70870 -0.72261 -0.70878 -0.66777 -0.60123 -0.51183 -0.40326 -0.28014 -0.14804 -0.01352 0.11572 0.23059 0.32042 0.37301 0.37564 0.31770 0.19547 0.00000
0.68684 0.68244 0.64159 0.57646 0.48962 0.38436 0.26464 0.13494 0.00019 -0.13450 -0.26397 -0.38327 -0.48784 -0.57364 -0.63741 -0.67668 -0.68997 -0.67677 -0.63763 -0.57411 -0.48879 -0.38521 -0.26780 -0.14195 -0.01401 0.10850 0.21671 0.30018 0.34713 0.34559 0.28654 0.16915 0.00000
0.64755 0.64356 0.60506 0.54364 0.46174 0.36247 0.24956 0.12725 0.00018 -0.12682 -0.24890 -0.36140 -0.45999 -0.54091 -0.60103 -0.63807 -0.65060 -0.63815 -0.60125 -0.54137 -0.46095 -0.36332 -0.25270 -0.13419 -0.01384 0.10118 0.20239 0.27985 0.32237 0.31885 0.26146 0.15097 0.00000
0.60202 0.59839 0.56261 0.50550 0.42934 0.33703 0.23204 0.11832 0.00017 -0.11791 -0.23142 -0.33602 -0.42769 -0.50292 -0.55882 -0.59326 -0.60490 -0.59334 -0.55903 -0.50336 -0.42860 -0.33785 -0.23505 -0.12495 -0.01322 0.09346 0.18713 0.25848 0.29711 0.29281 0.23867 0.13626 0.00000
0.55070 0.54741 0.51469 0.46245 0.39277 0.30832 0.21228 0.10825 0.00016 -0.10786 -0.21170 -0.30738 -0.39124 -0.46006 -0.51120 -0.54270 -0.55336 -0.54278 -0.51140 -0.46048 -0.39209 -0.30909 -0.21507 -0.11440 -0.01227 0.08517 0.17063 0.23556 0.27044 0.26601 0.21615 0.12270 0.00000
0.49407 0.49113 0.46179 0.41491 0.35240 0.27663 0.19046 0.09712 0.00015 -0.09677 -0.18993 -0.27578 -0.35102 -0.41276 -0.45865 -0.48691 -0.49647 -0.48698 -0.45882 -0.41314 -0.35179 -0.27733 -0.19299 -0.10269 -0.01110 0.07625 0.15281 0.21090 0.24197 0.23775 0.19286 0.10917 0.00000
0.43268 0.43012 0.40442 0.36337 0.30862 0.24227 0.16680 0.08505 0.00013 -0.08475 -0.16634 -0.24152 -0.30741 -0.36148 -0.40167 -0.42642 -0.43479 -0.42648 -0.40182 -0.36181 -0.30809 -0.24288 -0.16902 -0.08996 -0.00977 0.06670 0.13369 0.18448 0.21158 0.20778 0.16840 0.09519 0.00000
0.36712 0.36496 0.34315 0.30832 0.26187 0.20556 0.14153 0.07217 0.00011 -0.07191 -0.14114 -0.20493 -0.26084 -0.30672 -0.34081 -0.36181 -0.36892 -0.36186 -0.34094 -0.30700 -0.26141 -0.20608 -0.14342 -0.07634 -0.00831 0.05655 0.11337 0.15643 0.17938 0.17610 0.14266 0.08058 0.00000
0.29803 0.29628 0.27858 0.25030 0.21259 0.16688 0.11489 0.05859 0.00009 -0.05838 -0.11458 -0.16636 -0.21175 -0.24900 -0.27668 -0.29372 -0.29949 -0.29377 -0.27678 -0.24922 -0.21222 -0.16730 -0.11644 -0.06198 -0.00676 0.04589 0.09201 0.12694 0.14555 0.14287 0.11571 0.06533 0.00000
0.22607 0.22474 0.21131 0.18986 0.16126 0.12659 0.08715 0.04444 0.00007 -0.04428 -0.08691 -0.12619 -0.16062 -0.18888 -0.20987 -0.22280 -0.22718 -0.22284 -0.20995 -0.18905 -0.16098 -0.12691 -0.08832 -0.04702 -0.00513 0.03480 0.06978 0.09627 0.11038 0.10833 0.08773 0.04953 0.00000
0.15194 0.15104 0.14202 0.12760 0.10838 0.08507 0.05857 0.02987 0.00005 -0.02976 -0.05841 -0.08481 -0.10795 -0.12694 -0.14105 -0.14974 -0.15268 -0.14976 -0.14110 -0.12705 -0.10819 -0.08529 -0.05936 -0.03160 -0.00345 0.02339 0.04689 0.06470 0.07417 0.07279 0.05895 0.03327 0.00000
0.07634 0.07589 0.07135 0.06411 0.05445 0.04274 0.02943 0.01501 0.00002 -0.01495 -0.02935 -0.04261 -0.05424 -0.06378 -0.07087 -0.07523 -0.07671 -0.07524 -0.07089 -0.06383 -0.05436 -0.04285 -0.02982 -0.01588 -0.00173 0.01175 0.02356 0.03250 0.03726 0.03657 0.02961 0.01671 0.00000
0.00000 0.00000 0.00000 0.00000 0.00000 0.00000 0.00000 0.00000 0.00000 0.00000 0.00000 0.00000 0.00000 0.00000 0.00000 0.00000 0.00000 0.00000 0.00000 0.00000 0.00000 0.00000 0.00000 0.00000 0.00000 0.00000 0.00000 0.00000 0.00000 0.00000 0.00000 0.00000 0.00000

0.74082 0.72658 0.68443 0.61597 0.52384 0.41158 0.28350 0.14453 0.00000 -0.14453 -0.28350 -0.41158 -0.52384 -0.61597 -0.68443 -0.72658 -0.74082 -0.72658 -0.68443 -0.61597 -0.52384 -0.41158 -0.28350 -0.14453 -0.00000 0.14453 0.28350 0.41158 0.52384 0.61597 0.68443 0.72658 0.00000
0.73725 0.72795 0.68469 0.61562 0.52323 0.41095 0.28301 0.14430 0.00009 -0.14408 -0.28269 -0.41043 -0.52239 -0.61428 -0.68255 -0.72461 -0.73882 -0.72466 -0.68269 -0.61456 -0.52296 -0.41153 -0.28478 -0.14800 -0.00713 0.13124 0.25993 0.37107 0.45594 0.50466 0.50529 0.44164 0.00000
0.72658 0.71991 0.67691 0.60842 0.51695 0.40593 0.27953 0.14254 0.00017 -0.14215 -0.27897 -0.40504 -0.51554 -0.60623 -0.67362 -0.71512 -0.72917 -0.71522 -0.67386 -0.60675 -0.51657 -0.40703 -0.28275 -0.14923 -0.01280 0.11931 0.23891 0.33679 0.40268 0.42539 0.39312 0.29343 0.00000
0.70892 0.70370 0.66169 0.59467 0.50520 0.39666 0.27313 0.13929 0.00022 -0.13879 -0.27241 -0.39554 -0.50346 -0.59202 -0.65783 -0.69837 -0.71210 -0.69850 -0.65816 -0.59270 -0.50481 -0.39817 -0.27739 -0.14806 -0.01669 0.10919 0.22094 0.30877 0.36202 0.36987 0.32277 0.21443 0.00000
0.68443 0.68005 0.63954 0.57476 0.48825 0.38333 0.26394 0.13461 0.00025 -0.13405 -0.26314 -0.38208 -0.48633 -0.57189 -0.63546 -0.67463 -0.68790 -0.67478 -0.63584 -0.57267 -0.48789 -0.38509 -0.26883 -0.14461 -0.01894 0.10061 0.20532 0.28535 0.33023 0.32996 0.27726 0.17056 0.00000
0.65334 0.64951 0.61088 0.54901 0.46637 0.36614 0.25210 0.12858 0.00026 -0.12799 -0.25127 -0.36485 -0.46440 -0.54610 -0.60681 -0.64422 -0.65689 -0.64438 -0.60722 -0.54694 -0.46605 -0.36803 -0.25727 -0.13911 -0.01987 0.09302 0.19104 0.26462 0.30373 0.29929 0.24570 0.14434 0.00000
0.61597 0.61253 0.57615 0.51781 0.43986 0.34532 0.23777 0.12128 0.00026 -0.12069 -0.23694 -0.34405 -0.43793 -0.51497 -0.57222 -0.60749 -0.61945 -0.60766 -0.57263 -0.51581 -0.43958 -0.34723 -0.24294 -0.13179 -0.01982 0.08590 0.17718 0.24494 0.27975 0.27338 0.22142 0.12679 0.00000
0.57266 0.56955 0.53575 0.48151 0.40903 0.32111 0.22110 0.11278 0.00025 -0.11221 -0.22030 -0.31990 -0.40719 -0.47882 -0.53205 -0.56485 -0.57597 -0.56501 -0.53245 -0.47963 -0.40878 -0.32297 -0.22609 -0.12290 -0.01905 0.07882 0.16306 0.22517 0.25643 0.24939 0.20046 0.11324 0.00000
0.52384 0.52104 0.49013 0.44051 0.37420 0.29377 0.20228 0.10318 0.00023 -0.10265 -0.20153 -0.29265 -0.37250 -0.43803 -0.48673 -0.51673 -0.52691 -0.51688 -0.48710 -0.43879 -0.37399 -0.29552 -0.20694 -0.11263 -0.01777 0.07153 0.14825 0.20458 0.23260 0.22560 0.18059 0.10130 0.00000
0.46997 0.46748 0.43976 0.39524 0.33575 0.26358 0.18149 0.09257 0.00021 -0.09209 -0.18082 -0.26256 -0.33421 -0.39300 -0.43670 -0.46362 -0.47274 -0.46375 -0.43703 -0.39369 -0.33556 -0.26517 -0.18573 -0.10116 -0.01613 0.06387 0.13252 0.18282 0.20766 0.20111 0.16062 0.08977 0.00000
0.41158 0.40940 0.38514 0.34615 0.29405 0.23084 0.15895 0.08108 0.00018 -0.08065 -0.15835 -0.22995 -0.29269 -0.34418 -0.38245 -0.40602 -0.41402 -0.40614 -0.38274 -0.34479 -0.29389 -0.23225 -0.16269 -0.08864 -0.01422 0.05578 0.11580 0.15973 0.18134 0.17547 0.13997 0.07808 0.00000
0.34922 0.34738 0.32679 0.29371 0.24950 0.19587 0.13487 0.06879 0.00016 -0.06843 -0.13436 -0.19511 -0.24835 -0.29204 -0.32451 -0.34451 -0.35129 -0.34461 -0.32476 -0.29256 -0.24937 -0.19707 -0.13806 -0.07524 -0.01211 0.04725 0.09814 0.13535 0.15361 0.14858 0.11844 0.06601 0.00000
0.28350 0.28201 0.26530 0.23844 0.20255 0.15901 0.10949 0.05585 0.00013 -0.05556 -0.10908 -0.15839 -0.20161 -0.23708 -0.26344 -0.27968 -0.28519 -0.27976 -0.26364 -0.23750 -0.20244 -0.15999 -0.11208 -0.06110 -0.00986 0.03832 0.07961 0.10979 0.12459 0.12047 0.09600 0.05348 0.00000
0.21505 0.21392 0.20124 0.18087 0.15365 0.12062 0.08305 0.04236 0.00010 -0.04214 -0.08274 -0.12015 -0.15293 -0.17984 -0.19983 -0.21215 -0.21633 -0.21221 -0.19999 -0.18016 -0.15357 -0.12136 -0.08502 -0.04635 -0.00749 0.02905 0.06036 0.08325 0.09446 0.09132 0.07276 0.04052 0.00000
0.14453 0.14377 0.13525 0.12156 0.10326 0.08107 0.05582 0.02847 0.00007 -0.02832 -0.05561 -0.08075 -0.10278 -0.12086 -0.13430 -0.14258 -0.14539 -0.14262 -0.13441 -0.12108 -0.10321 -0.08156 -0.05714 -0.03115 -0.00503 0.01952 0.04056 0.05593 0.06346 0.06135 0.04888 0.02722 0.00000
0.07261 0.07223 0.06795 0.06107 0.05188 0.04073 0.02804 0.01430 0.00003 -0.01423 -0.02794 -0.04057 -0.05164 -0.06072 -0.06748 -0.07164 -0.07305 -0.07166 -0.06753 -0.06083 -0.05185 -0.04098 -0.02871 -0.01565 -0.00253 0.00981 0.02038 0.02810 0.03188 0.03082 0.02455 0.01367 0.00000
0.00000 0.00000 0.00000 0.00000 0.00000 0.00000 0.00000 0.00000 0.00000 0.00000 0.00000 0.00000 0.00000 0.00000 0.00000 0.00000 0.00000 0.00000 0.00000 0.00000 0.00000 0.00000 0.00000 0.00000 0.00000 0.00000 0.00000 0.00000 0.00000 0.00000 0.00000 0.00000 0.00000

0.70469 0.69115 0.65105 0.58593 0.49829 0.39150 0.26967 0.13748 0.00000 -0.13748 -0.26967 -0.39150 -0.49829 -0.58593 -0.65105 -0.69115 -0.70469 -0.69115 -0.65105 -0.58593 -0.49829 -0.39150 -0.26967 -0.13748 -0.00000 0.13748 0.26967 0.39150 0.49829 0.58593 0.65105 0.69115 0.00000
0.70129 0.69252 0.65143 0.58576 0.49787 0.39104 0.26931 0.13732 0.00011 -0.13706 -0.26895 -0.39049 -0.49701 -0.58444 -0.64940 -0.68942 -0.70295 -0.68950 -0.64962 -0.58487 -0.49784 -0.39203 -0.27178 -0.14216 -0.00889 0.12175 0.24295 0.34738 0.42707 0.47311 0.47467 0.41658 0.00000
0.69115 0.68495 0.64415 0.57904 0.49203 0.38638 0.26608 0.13570 0.00021 -0.13524 -0.26544 -0.38543 -0.49058 -0.57688 -0.64102 -0.68053 -0.69392 -0.68069 -0.64142 -0.57769 -0.49212 -0.38828 -0.27065 -0.14457 -0.01616 0.10764 0.21911 0.30977 0.37047 0.39151 0.36264 0.27245 0.00000
0.67434 0.66958 0.62977 0.56608 0.48097 0.37766 0.26007 0.13266 0.00027 -0.13205 -0.25924 -0.37644 -0.47915 -0.56345 -0.62610 -0.66470 -0.67780 -0.66492 -0.62664 -0.56453 -0.48121 -0.38026 -0.26619 -0.14444 -0.02135 0.09582 0.19895 0.27914 0.32708 0.33377 0.29148 0.19481 0.00000
0.65105 0.64712 0.60876 0.54721 0.46492 0.36505 0.25138 0.12824 0.00031 -0.12754 -0.25044 -0.36367 -0.46291 -0.54436 -0.60489 -0.64219 -0.65486 -0.64245 -0.60552 -0.54562 -0.46531 -0.36811 -0.25848 -0.14184 -0.02454 0.08614 0.18197 0.25410 0.29356 0.29239 0.24523 0.15133 0.00000
0.62148 0.61809 0.58154 0.52277 0.44416 0.34873 0.24015 0.12252 0.00033 -0.12179 -0.23916 -0.34730 -0.44208 -0.51987 -0.57767 -0.61331 -0.62542 -0.61358 -0.57835 -0.52121 -0.44464 -0.35204 -0.24774 -0.13699 -0.02601 0.07805 0.16718 0.23281 0.26649 0.26126 0.21354 0.12541 0.00000
0.58593 0.58292 0.54851 0.49310 0.41895 0.32894 0.22652 0.11558 0.00033 -0.11484 -0.22553 -0.32752 -0.41691 -0.49026 -0.54478 -0.57839 -0.58981 -0.57867 -0.54546 -0.49163 -0.41950 -0.33231 -0.23419 -0.13016 -0.02616 0.07098 0.15360 0.21357 0.24306 0.23597 0.18988 0.10838 0.00000
0.54473 0.54203 0.51008 0.45857 0.38961 0.30591 0.21066 0.10749 0.00032 -0.10677 -0.20971 -0.30454 -0.38766 -0.45587 -0.50657 -0.53782 -0.54845 -0.53809 -0.50723 -0.45720 -0.39018 -0.30920 -0.21811 -0.12162 -0.02530 0.06443 0.14042 0.19509 0.22127 0.21355 0.17030 0.09569 0.00000
0.49829 0.49587 0.46666 0.41954 0.35646 0.27988 0.19274 0.09835 0.00030 -0.09768 -0.19185 -0.27861 -0.35464 -0.41705 -0.46343 -0.49202 -0.50175 -0.49228 -0.46405 -0.41830 -0.35702 -0.28298 -0.19974 -0.11161 -0.02371 0.05804 0.12708 0.17650 0.19978 0.19216 0.15245 0.08496 0.00000
0.44705 0.44491 0.41871 0.37644 0.31984 0.25113 0.17294 0.08825 0.00027 -0.08764 -0.17213 -0.24997 -0.31820 -0.37418 -0.41580 -0.44145 -0.45018 -0.44169 -0.41637 -0.37533 -0.32036 -0.25396 -0.17932 -0.10033 -0.02159 0.05158 0.11327 0.15728 0.17781 0.17070 0.13504 0.07493 0.00000
0.39150 0.38964 0.36670 0.32969 0.28012 0.21994 0.15146 0.07729 0.00024 -0.07675 -0.15074 -0.21892 -0.27867 -0.32770 -0.36415 -0.38662 -0.39426 -0.38683 -0.36466 -0.32872 -0.28059 -0.22245 -0.15711 -0.08797 -0.01908 0.04490 0.09879 0.13717 0.15498 0.14861 0.11738 0.06498 0.00000
0.33219 0.33061 0.31115 0.27975 0.23769 0.18662 0.12852 0.06558 0.00021 -0.06512 -0.12791 -0.18576 -0.23645 -0.27806 -0.30899 -0.32805 -0.33454 -0.32823 -0.30942 -0.27892 -0.23809 -0.18877 -0.13334 -0.07470 -0.01628 0.03796 0.08362 0.11610 0.13112 0.12566 0.09916 0.05483 0.00000
0.26967 0.26840 0.25260 0.22710 0.19296 0.15150 0.10433 0.05324 0.00017 -0.05287 -0.10384 -0.15080 -0.19196 -0.22573 -0.25084 -0.26632 -0.27158 -0.26646 -0.25119 -0.22644 -0.19329 -0.15326 -0.10826 -0.06067 -0.01326 0.03075 0.06779 0.09411 0.10627 0.10180 0.08030 0.04437 0.00000
0.20456 0.20359 0.19161 0.17227 0.14637 0.11493 0.07914 0.04039 0.00013 -0.04010 -0.07877 -0.11439 -0.14561 -0.17123 -0.19028 -0.20202 -0.20601 -0.20213 -0.19054 -0.17177 -0.14662 -0.11626 -0.08213 -0.04603 -0.01008 0.02330 0.05137 0.07133 0.08053 0.07713 0.06082 0.03360 0.00000
0.13748 0.13683 0.12878 0.11578 0.09837 0.07724 0.05319 0.02714 0.00009 -0.02695 -0.05294 -0.07688 -0.09786 -0.11508 -0.12788 -0.13577 -0.13845 -0.13584 -0.12806 -0.11544 -0.09854 -0.07813 -0.05520 -0.03094 -0.00678 0.01565 0.03451 0.04791 0.05409 0.05180 0.04084 0.02256 0.00000
0.06907 0.06875 0.06470 0.05817 0.04942 0.03881 0.02672 0.01364 0.00004 -0.01354 -0.02660 -0.03863 -0.04917 -0.05782 -0.06425 -0.06821 -0.06956 -0.06825 -0.06434 -0.05800 -0.04951 -0.03926 -0.02773 -0.01555 -0.00341 0.00786 0.01733 0.02407 0.02717 0.02602 0.02051 0.01133 0.00000
0.00000 0.00000 0.00000 0.00000 0.00000 0.00000 0.00000 0.00000 0.00000 0.00000 0.00000 0.00000 0.00000 0.00000 0.00000 0.00000 0.00000 0.00000 0.00000 0.00000 0.00000 0.00000 0.00000 0.00000 0.00000 0.00000 0.00000 0.00000 0.00000 0.00000 0.00000 0.00000 0.00000

0.67032 0.65744 0.61929 0.55735 0.47399 0.37241 0.25652 0.13077 0.00000 -0.13077 -0.25652 -0.37241 -0.47399 -0.55735 -0.61929 -0.65744 -0.67032 -0.65744 -0.61929 -0.55735 -0.47399 -0.37241 -0.25652 -0.13077 -0.00000 0.13077 0.25652 0.37241 0.47399 0.55735 0.61929 0.65744 0.00000
0.66709 0.65880 0.61976 0.55731 0.47371 0.37208 0.25626 0.13068 0.00013 -0.13039 -0.25587 -0.37151 -0.47286 -0.55604 -0.61785 -0.65593 -0.66883 -0.65606 -0.61817 -0.55665 -0.47400 -0.37356 -0.25950 -0.13668 -0.01056 0.11288 0.22722 0.32565 0.40084 0.44466 0.44708 0.39372 0.00000
0.65744 0.65165 0.61292 0.55104 0.46827 0.36775 0.25327 0.12919 0.00024 -0.12866 -0.25257 -0.36675 -0.46682 -0.54895 -0.60999 -0.64761 -0.66038 -0.64785 -0.61058 -0.55010 -0.46895 -0.37058 -0.25930 -0.14027 -0.01938 0.09680 0.20102 0.28554 0.34212 0.36218 0.33649 0.25432 0.00000
0.64146 0.63707 0.59932 0.53880 0.45784 0.35954 0.24762 0.12634 0.00032 -0.12563 -0.24669 -0.35824 -0.45601 -0.53625 -0.59589 -0.63265 -0.64517 -0.63299 -0.59669 -0.53782 -0.45890 -0.36343 -0.25578 -0.14122 -0.02587 0.08339 0.17898 0.25285 0.29685 0.30328 0.26551 0.17858 0.00000
0.61929 0.61574 0.57938 0.52092 0.44265 0.34760 0.23940 0.12217 0.00037 -0.12135 -0.23834 -0.34614 -0.44061 -0.51814 -0.57578 -0.61132 -0.62343 -0.61172 -0.57673 -0.51999 -0.44401 -0.35222 -0.24897 -0.13953 -0.03003 0.07260 0.16075 0.22647 0.26208 0.26103 0.21914 0.13586 0.00000
0.59117 0.58814 0.55353 0.49771 0.42293 0.33212 0.22874 0.11674 0.00040 -0.11587 -0.22762 -0.33058 -0.42082 -0.49488 -0.54993 -0.58389 -0.59547 -0.58432 -0.55096 -0.49688 -0.42450 -0.33714 -0.23906 -0.13539 -0.03212 0.06395 0.14542 0.20466 0.23457 0.22967 0.18755 0.11037 0.00000
0.55735 0.55470 0.52212 0.46950 0.39897 0.31330 0.21579 0.11014 0.00040 -0.10926 -0.21467 -0.31178 -0.39688 -0.46673 -0.51866 -0.55069 -0.56163 -0.55113 -0.51971 -0.46878 -0.40064 -0.31846 -0.22631 -0.12908 -0.03253 0.05684 0.13198 0.18572 0.21157 0.20490 0.16446 0.09384 0.00000
0.51816 0.51580 0.48556 0.43664 0.37106 0.29139 0.20070 0.10245 0.00039 -0.10159 -0.19961 -0.28992 -0.36906 -0.43401 -0.48230 -0.51209 -0.52227 -0.51253 -0.48334 -0.43602 -0.37273 -0.29645 -0.21098 -0.12091 -0.03165 0.05070 0.11956 0.16829 0.19100 0.18375 0.14597 0.08186 0.00000
0.47399 0.47188 0.44424 0.39950 0.33950 0.26661 0.18363 0.09374 0.00037 -0.09294 -0.18261 -0.26523 -0.33764 -0.39707 -0.44125 -0.46850 -0.47782 -0.46892 -0.44223 -0.39897 -0.34112 -0.27141 -0.19334 -0.11115 -0.02980 0.04510 0.10752 0.15139 0.17144 0.16427 0.12972 0.07206 0.00000
0.42525 0.42339 0.39860 0.35847 0.30464 0.23923 0.16477 0.08412 0.00033 -0.08339 -0.16385 -0.23798 -0.30295 -0.35627 -0.39591 -0.42037 -0.42873 -0.42074 -0.39681 -0.35801 -0.30613 -0.24363 -0.17366 -0.10004 -0.02722 0.03973 0.09540 0.13438 0.15198 0.14528 0.11433 0.06319 0.00000
0.37241 0.37080 0.34910 0.31396 0.26681 0.20953 0.14432 0.07368 0.00030 -0.07303 -0.14350 -0.20842 -0.26532 -0.31202 -0.34674 -0.36816 -0.37549 -0.36849 -0.34753 -0.31356 -0.26815 -0.21344 -0.15220 -0.08778 -0.02411 0.03439 0.08297 0.11690 0.13211 0.12612 0.09906 0.05460 0.00000
0.31599 0.31463 0.29622 0.26640 0.22640 0.17779 0.12246 0.06252 0.00025 -0.06196 -0.12176 -0.17685 -0.22513 -0.26476 -0.29421 -0.31239 -0.31861 -0.31268 -0.29490 -0.26608 -0.22755 -0.18114 -0.12920 -0.07458 -0.02060 0.02896 0.07009 0.09877 0.11158 0.10644 0.08351 0.04596 0.00000
0.25652 0.25542 0.24048 0.21627 0.18380 0.14434 0.09942 0.05075 0.00021 -0.05030 -0.09885 -0.14357 -0.18277 -0.21493 -0.23885 -0.25361 -0.25866 -0.25384 -0.23941 -0.21601 -0.18474 -0.14707 -0.10492 -0.06059 -0.01680 0.02340 0.05675 0.07998 0.09033 0.08613 0.06753 0.03714 0.00000
0.19458 0.19375 0.18242 0.16406 0.13942 0.10949 0.07541 0.03850 0.00016 -0.03816 -0.07498 -0.10891 -0.13864 -0.16304 -0.18118 -0.19238 -0.19621 -0.19255 -0.18161 -0.16386 -0.14014 -0.11157 -0.07960 -0.04598 -0.01278 0.01770 0.04297 0.06058 0.06841 0.06521 0.05111 0.02810 0.00000
0.13077 0.13021 0.12260 0.11026 0.09370 0.07358 0.05068 0.02588 0.00011 -0.02564 -0.05039 -0.07319 -0.09317 -0.10957 -0.12177 -0.12929 -0.13186 -0.12941 -0.12205 -0.11013 -0.09419 -0.07499 -0.05350 -0.03091 -0.00860 0.01188 0.02885 0.04067 0.04593 0.04377 0.03431 0.01885 0.00000
0.06570 0.06542 0.06160 0.05540 0.04708 0.03697 0.02546 0.01300 0.00005 -0.01288 -0.02532 -0.03677 -0.04681 -0.05505 -0.06118 -0.06496 -0.06625 -0.06502 -0.06132 -0.05533 -0.04732 -0.03768 -0.02688 -0.01553 -0.00432 0.00596 0.01449 0.02043 0.02306 0.02198 0.01722 0.00947 0.00000
0.00000 0.00000 0.00000 0.00000 0.00000 0.00000 0.00000 0.00000 0.00000 0.00000 0.00000 0.00000 0.00000 0.00000 0.00000 0.00000 0.00000 0.00000 0.00000 0.00000 0.00000 0.00000 0.00000 0.00000 0.00000 0.00000 0.00000 0.00000 0.00000 0.00000 0.00000 0.00000 0.00000

0.63763 0.62538 0.58909 0.53017 0.45087 0.35425 0.24401 0.12440 0.00000 -0.12440 -0.24401 -0.35425 -0.45087 -0.53017 -0.58909 -0.62538 -0.63763 -0.62538 -0.58909 -0.53017 -0.45087 -0.35425 -0.24401 -0.12440 -0.00000 0.12440 0.24401 0.35425 0.45087 0.53017 0.58909 0.62538 0.00000
0.63456 0.62672 0.58961 0.53023 0.45071 0.35402 0.24384 0.12436 0.00015 -0.12403 -0.24342 -0.35344 -0.44987 -0.52902 -0.58783 -0.62408 -0.63637 -0.62426 -0.58827 -0.52985 -0.45137 -0.35604 -0.24787 -0.13148 -0.01209 0.10464 0.21267 0.30567 0.37687 0.41873 0.42187 0.37261 0.00000
0.62538 0.61995 0.58318 0.52435 0.44563 0.34999 0.24106 0.12298 0.00027 -0.12239 -0.24031 -0.34897 -0.44420 -0.52236 -0.58046 -0.61628 -0.62848 -0.61663 -0.58128 -0.52393 -0.44700 -0.35385 -0.24862 -0.13624 -0.02235 0.08684 0.18458 0.26377 0.31695 0.33637 0.31356 0.23826 0.00000
0.61017 0.60612 0.57029 0.51278 0.43579 0.34225 0.23573 0.12030 0.00036 -0.11952 -0.23475 -0.34092 -0.43398 -0.51035 -0.56713 -0.60216 -0.61412 -0.60264 -0.56826 -0.51250 -0.43781 -0.34758 -0.24604 -0.13827 -0.03009 0.07199 0.16097 0.22955 0.27052 0.27710 0.24344 0.16476 0.00000
0.58909 0.58585 0.55138 0.49583 0.42139 0.33094 0.22796 0.11637 0.00042 -0.11545 -0.22682 -0.32943 -0.41937 -0.49318 -0.54807 -0.58194 -0.59354 -0.58251 -0.54941 -0.49574 -0.42392 -0.33731 -0.24015 -0.13749 -0.03521 0.06017 0.14165 0.20213 0.23491 0.23450 0.19740 0.12303 0.00000
0.56234 0.55961 0.52681 0.47378 0.40267 0.31625 0.21785 0.11123 0.00045 -0.11024 -0.21663 -0.31466 -0.40057 -0.47109 -0.52352 -0.55589 -0.56700 -0.55652 -0.52499 -0.47388 -0.40554 -0.32323 -0.23109 -0.13409 -0.03795 0.05095 0.12581 0.17989 0.20713 0.20312 0.16610 0.09810 0.00000
0.53017 0.52780 0.49695 0.44697 0.37990 0.29837 0.20554 0.10496 0.00046 -0.10396 -0.20431 -0.29678 -0.37782 -0.44433 -0.49379 -0.52434 -0.53484 -0.52498 -0.49531 -0.44720 -0.38292 -0.30558 -0.21913 -0.12834 -0.03868 0.04372 0.11244 0.16118 0.18451 0.17884 0.14356 0.08205 0.00000
0.49289 0.49081 0.46217 0.41571 0.35335 0.27752 0.19118 0.09763 0.00045 -0.09666 -0.18999 -0.27598 -0.35135 -0.41321 -0.45921 -0.48762 -0.49740 -0.48826 -0.46071 -0.41604 -0.35638 -0.28464 -0.20455 -0.12056 -0.03784 0.03789 0.10064 0.14462 0.16496 0.15873 0.12599 0.07065 0.00000
0.45087 0.44902 0.42286 0.38037 0.32331 0.25394 0.17494 0.08935 0.00043 -0.08843 -0.17382 -0.25250 -0.32145 -0.37805 -0.42014 -0.44614 -0.45510 -0.44675 -0.42156 -0.38074 -0.32623 -0.26072 -0.18762 -0.11105 -0.03577 0.03297 0.08970 0.12915 0.14701 0.14084 0.11103 0.06162 0.00000
0.40451 0.40288 0.37942 0.34131 0.29012 0.22787 0.15698 0.08018 0.00039 -0.07934 -0.15596 -0.22656 -0.28843 -0.33922 -0.37698 -0.40032 -0.40836 -0.40088 -0.37829 -0.34169 -0.29282 -0.23411 -0.16863 -0.10010 -0.03279 0.02858 0.07908 0.11404 0.12966 0.12389 0.09729 0.05368 0.00000
0.35425 0.35284 0.33231 0.29893 0.25410 0.19958 0.13750 0.07023 0.00035 -0.06948 -0.13659 -0.19842 -0.25261 -0.29709 -0.33017 -0.35061 -0.35765 -0.35111 -0.33134 -0.29930 -0.25652 -0.20514 -0.14786 -0.08793 -0.02911 0.02446 0.06847 0.09884 0.11231 0.10715 0.08396 0.04618 0.00000
0.30058 0.29939 0.28197 0.25366 0.21562 0.16936 0.11668 0.05959 0.00030 -0.05896 -0.11590 -0.16837 -0.21435 -0.25209 -0.28016 -0.29750 -0.30348 -0.29793 -0.28116 -0.25398 -0.21770 -0.17413 -0.12556 -0.07476 -0.02492 0.02044 0.05767 0.08332 0.09464 0.09021 0.07059 0.03876 0.00000
0.24401 0.24305 0.22892 0.20593 0.17505 0.13749 0.09472 0.04838 0.00024 -0.04786 -0.09409 -0.13669 -0.17401 -0.20466 -0.22744 -0.24152 -0.24638 -0.24187 -0.22826 -0.20620 -0.17676 -0.14139 -0.10198 -0.06076 -0.02034 0.01643 0.04660 0.06736 0.07649 0.07287 0.05698 0.03126 0.00000
0.18509 0.18437 0.17365 0.15621 0.13279 0.10430 0.07185 0.03670 0.00018 -0.03631 -0.07137 -0.10368 -0.13200 -0.15524 -0.17253 -0.18321 -0.18689 -0.18348 -0.17315 -0.15642 -0.13409 -0.10727 -0.07738 -0.04613 -0.01548 0.01239 0.03524 0.05096 0.05787 0.05511 0.04308 0.02362 0.00000
0.12440 0.12391 0.11670 0.10499 0.08924 0.07010 0.04829 0.02467 0.00012 -0.02440 -0.04797 -0.06968 -0.08871 -0.10434 -0.11595 -0.12313 -0.12561 -0.12331 -0.11637 -0.10513 -0.09012 -0.07210 -0.05201 -0.03102 -0.01043 0.00830 0.02364 0.03420 0.03883 0.03698 0.02890 0.01584 0.00000
0.06250 0.06225 0.05863 0.05275 0.04484 0.03522 0.02426 0.01239 0.00006 -0.01226 -0.02410 -0.03501 -0.04457 -0.05242 -0.05826 -0.06186 -0.06311 -0.06195 -0.05847 -0.05282 -0.04528 -0.03623 -0.02614 -0.01559 -0.00524 0.00416 0.01187 0.01717 0.01949 0.01856 0.01450 0.00795 0.00000
0.00000 0.00000 0.00000 0.00000 0.00000 0.00000 0.00000 0.00000 0.00000 0.00000 0.00000 0.00000 0.00000 0.00000 0.00000 0.00000 0.00000 0.00000 0.00000 0.00000 0.00000 0.00000 0.00000 0.00000 0.00000 0.00000 0.00000 0.00000 0.00000 0.00000 0.00000 0.00000 0.00000

0.60653 0.59488 0.56036 0.50431 0.42888 0.33697 0.23211 0.11833 0.00000 -0.11833 -0.23211 -0.33697 -0.42888 -0.50431 -0.56036 -0.59488 -0.60653 -0.59488 -0.56036 -0.50431 -0.42888 -0.33697 -0.23211 -0.11833 -0.00000 0.11833 0.23211 0.33697 0.42888 0.50431 0.56036 0.59488 0.00000
0.60361 0.59618 0.56091 0.50445 0.42881 0.33683 0.23201 0.11833 0.00016 -0.11799 -0.23158 -0.33625 -0.42800 -0.50330 -0.55927 -0.59377 -0.60549 -0.59402 -0.55985 -0.50437 -0.42987 -0.33942 -0.23683 -0.12652 -0.01346 0.09701 0.19922 0.28725 0.35481 0.39488 0.39862 0.35296 0.00000
0.59488 0.58978 0.55485 0.49892 0.42405 0.33307 0.22942 0.11707 0.00029 -0.11643 -0.22864 -0.33204 -0.42267 -0.49705 -0.55236 -0.58647 -0.59813 -0.58695 -0.55344 -0.49908 -0.42620 -0.33801 -0.23851 -0.13240 -0.02503 0.07775 0.16966 0.24416 0.29444 0.31339 0.29312 0.22380 0.00000
0.58041 0.57664 0.54264 0.48798 0.41475 0.32576 0.22440 0.11455 0.00040 -0.11370 -0.22337 -0.32443 -0.41300 -0.48570 -0.53977 -0.57314 -0.58461 -0.57380 -0.54127 -0.48850 -0.41787 -0.33263 -0.23688 -0.13546 -0.03392 0.06166 0.14480 0.20887 0.24740 0.25434 0.22433 0.15273 0.00000
0.56036 0.55739 0.52469 0.47190 0.40111 0.31505 0.21704 0.11083 0.00046 -0.10983 -0.21585 -0.31353 -0.39914 -0.46942 -0.52170 -0.55399 -0.56512 -0.55477 -0.52350 -0.47277 -0.40496 -0.32331 -0.23190 -0.13559 -0.03996 0.04890 0.12458 0.18068 0.21134 0.21176 0.17893 0.11215 0.00000
0.53491 0.53244 0.50134 0.45096 0.38334 0.30111 0.20745 0.10596 0.00050 -0.10488 -0.20617 -0.29950 -0.38129 -0.44844 -0.49839 -0.52926 -0.53994 -0.53013 -0.50038 -0.45213 -0.38768 -0.31021 -0.22370 -0.13293 -0.04334 0.03913 0.10828 0.15813 0.18345 0.18056 0.14810 0.08784 0.00000
0.50431 0.50219 0.47295 0.42547 0.36169 0.28412 0.19576 0.10000 0.00051 -0.09890 -0.19446 -0.28250 -0.35966 -0.42301 -0.47013 -0.49927 -0.50938 -0.50017 -0.47220 -0.42683 -0.36627 -0.29356 -0.21254 -0.12776 -0.04444 0.03175 0.09495 0.13963 0.16119 0.15678 0.12612 0.07228 0.00000
0.46885 0.46700 0.43986 0.39574 0.33643 0.26429 0.18210 0.09304 0.00050 -0.09196 -0.18084 -0.26272 -0.33449 -0.39340 -0.43724 -0.46435 -0.47377 -0.46524 -0.43929 -0.39719 -0.34103 -0.27366 -0.19868 -0.12039 -0.04368 0.02615 0.08366 0.12380 0.14252 0.13758 0.10934 0.06141 0.00000
0.42888 0.42725 0.40246 0.36211 0.30786 0.24185 0.16664 0.08515 0.00048 -0.08413 -0.16545 -0.24037 -0.30604 -0.35995 -0.40006 -0.42488 -0.43351 -0.42573 -0.40202 -0.36357 -0.31229 -0.25081 -0.18245 -0.11116 -0.04146 0.02180 0.07365 0.10954 0.12592 0.12100 0.09546 0.05301 0.00000
0.38478 0.38335 0.36113 0.32494 0.27626 0.21703 0.14955 0.07642 0.00044 -0.07548 -0.14845 -0.21568 -0.27461 -0.32299 -0.35898 -0.38125 -0.38901 -0.38204 -0.36079 -0.32633 -0.28038 -0.22531 -0.16412 -0.10037 -0.03811 0.01826 0.06434 0.09607 0.11036 0.10575 0.08308 0.04584 0.00000
0.33697 0.33574 0.31629 0.28460 0.24197 0.19009 0.13099 0.06694 0.00039 -0.06611 -0.13002 -0.18890 -0.24051 -0.28288 -0.31441 -0.33392 -0.34072 -0.33463 -0.31603 -0.28587 -0.24566 -0.19749 -0.14398 -0.08827 -0.03392 0.01524 0.05534 0.08286 0.09516 0.09105 0.07135 0.03923 0.00000
0.28592 0.28488 0.26839 0.24150 0.20533 0.16131 0.11116 0.05680 0.00033 -0.05609 -0.11033 -0.16029 -0.20409 -0.24004 -0.26680 -0.28335 -0.28912 -0.28396 -0.26819 -0.24261 -0.20851 -0.16767 -0.12231 -0.07511 -0.02909 0.01251 0.04640 0.06961 0.07993 0.07641 0.05979 0.03281 0.00000
0.23211 0.23127 0.21789 0.19606 0.16670 0.13096 0.09024 0.04612 0.00027 -0.04554 -0.08957 -0.13013 -0.16568 -0.19488 -0.21660 -0.23004 -0.23472 -0.23054 -0.21773 -0.19698 -0.16931 -0.13617 -0.09937 -0.06109 -0.02377 0.00993 0.03737 0.05614 0.06447 0.06159 0.04816 0.02640 0.00000
0.17607 0.17544 0.16528 0.14873 0.12645 0.09934 0.06846 0.03498 0.00021 -0.03454 -0.06794 -0.09871 -0.12568 -0.14783 -0.16430 -0.17450 -0.17806 -0.17488 -0.16517 -0.14943 -0.12845 -0.10332 -0.07542 -0.04639 -0.01811 0.00743 0.02821 0.04241 0.04871 0.04652 0.03635 0.01992 0.00000
0.11833 0.11790 0.11108 0.09996 0.08499 0.06677 0.04601 0.02351 0.00014 -0.02322 -0.04566 -0.06634 -0.08447 -0.09935 -0.11043 -0.11728 -0.11967 -0.11753 -0.11101 -0.10043 -0.08633 -0.06945 -0.05070 -0.03120 -0.01220 0.00495 0.01890 0.02843 0.03265 0.03118 0.02436 0.01334 0.00000
0.05945 0.05924 0.05581 0.05022 0.04270 0.03355 0.02312 0.01181 0.00007 -0.01166 -0.02294 -0.03333 -0.04244 -0.04992 -0.05548 -0.05892 -0.06012 -0.05905 -0.05577 -0.05046 -0.04338 -0.03489 -0.02548 -0.01568 -0.00614 0.00247 0.00948 0.01427 0.01638 0.01564 0.01222 0.00669 0.00000
0.00000 0.00000 0.00000 0.00000 0.00000 0.00000 0.00000 0.00000 0.00000 0.00000 0.00000 0.00000 0.00000 0.00000 0.00000 0.00000 0.00000 0.00000 0.00000 0.00000 0.00000 0.00000 0.00000 0.00000 0.00000 0.00000 0.00000 0.00000 0.00000 0.00000 0.00000 0.00000 0.00000

