0.00000 0.00000 0.00521 0.01563 0.03126 0.05210 0.07816 0.10943 0.14592 0.18763 0.23458 0.28675 0.34418 0.40686 0.47484 0.54812 0.62676 0.71083 0.80046 0.89585 0.99750
0.00000 0.00000 0.00521 0.01563 0.03126 0.05210 0.07816 0.10943 0.14592 0.18763 0.23458 0.28675 0.34418 0.40687 0.47484 0.54812 0.62676 0.71084 0.80046 0.89585 0.99750
-0.00521 -0.00521 -0.00000 0.01042 0.02605 0.04689 0.07295 0.10422 0.14071 0.18241 0.22935 0.28152 0.33893 0.40159 0.46953 0.54277 0.62134 0.70529 0.79469 0.88959 0.99000
-0.01563 -0.01563 -0.01042 -0.00000 0.01563 0.03647 0.06253 0.09379 0.13027 0.17197 0.21889 0.27104 0.32842 0.39105 0.45893 0.53209 0.61054 0.69431 0.78341 0.87783 0.97750
-0.03126 -0.03126 -0.02605 -0.01563 0.00000 0.02084 0.04689 0.07815 0.11463 0.15631 0.20322 0.25534 0.31268 0.37526 0.44307 0.51613 0.59444 0.67800 0.76681 0.86084 0.96000
-0.05210 -0.05210 -0.04689 -0.03647 -0.02084 0.00000 0.02605 0.05731 0.09377 0.13545 0.18233 0.23442 0.29172 0.35424 0.42197 0.49492 0.57308 0.65645 0.74500 0.83871 0.93750
-0.07816 -0.07816 -0.07295 -0.06253 -0.04689 -0.02605 0.00000 0.03125 0.06771 0.10937 0.15623 0.20829 0.26555 0.32801 0.39566 0.46850 0.54652 0.62971 0.71805 0.81149 0.91000
-0.10943 -0.10943 -0.10422 -0.09379 -0.07815 -0.05731 -0.03125 0.00000 0.03645 0.07810 0.12495 0.17698 0.23419 0.29659 0.36416 0.43690 0.51479 0.59783 0.68598 0.77922 0.87750
-0.14592 -0.14592 -0.14071 -0.13027 -0.11463 -0.09377 -0.06771 -0.03645 0.00000 0.04164 0.08847 0.14048 0.19765 0.26000 0.32750 0.40015 0.47793 0.56083 0.64883 0.74190 0.84000
-0.18763 -0.18763 -0.18241 -0.17197 -0.15631 -0.13545 -0.10937 -0.07810 -0.04164 0.00000 0.04682 0.09881 0.15595 0.21825 0.28569 0.35827 0.43596 0.51875 0.60662 0.69954 0.79750
-0.23458 -0.23458 -0.22935 -0.21889 -0.20322 -0.18233 -0.15623 -0.12495 -0.08847 -0.04682 -0.00000 0.05198 0.10910 0.17137 0.23876 0.31127 0.38888 0.47158 0.55935 0.65216 0.75000
-0.28675 -0.28675 -0.28152 -0.27104 -0.25534 -0.23442 -0.20829 -0.17698 -0.14048 -0.09881 -0.05198 -0.00000 0.05711 0.11936 0.18671 0.25917 0.33672 0.41935 0.50703 0.59976 0.69750
-0.34418 -0.34418 -0.33893 -0.32842 -0.31268 -0.29172 -0.26555 -0.23419 -0.19765 -0.15595 -0.10910 -0.05711 -0.00000 0.06223 0.12956 0.20199 0.27949 0.36206 0.44968 0.54233 0.64000
-0.40686 -0.40687 -0.40159 -0.39105 -0.37526 -0.35424 -0.32801 -0.29659 -0.26000 -0.21825 -0.17137 -0.11936 -0.06223 -0.00000 0.06732 0.13972 0.21719 0.29972 0.38729 0.47989 0.57750
-0.47484 -0.47484 -0.46953 -0.45893 -0.44307 -0.42197 -0.39566 -0.36416 -0.32750 -0.28569 -0.23876 -0.18671 -0.12956 -0.06732 0.00000 0.07239 0.14984 0.23234 0.31987 0.41243 0.51000
-0.54812 -0.54812 -0.54277 -0.53209 -0.51613 -0.49492 -0.46850 -0.43690 -0.40015 -0.35827 -0.31127 -0.25917 -0.20199 -0.13972 -0.07239 0.00000 0.07744 0.15992 0.24743 0.33996 0.43750
-0.62676 -0.62676 -0.62134 -0.61054 -0.59444 -0.57308 -0.54652 -0.51479 -0.47793 -0.43596 -0.38888 -0.33672 -0.27949 -0.21719 -0.14984 -0.07744 0.00000 0.08247 0.16997 0.26248 0.36000
-0.71083 -0.71084 -0.70529 -0.69431 -0.67800 -0.65645 -0.62971 -0.59783 -0.56083 -0.51875 -0.47158 -0.41935 -0.36206 -0.29972 -0.23234 -0.15992 -0.08247 0.00000 0.08749 0.17999 0.27750
-0.80046 -0.80046 -0.79469 -0.78341 -0.76681 -0.74500 -0.71805 -0.68598 -0.64883 -0.60662 -0.55935 -0.50703 -0.44968 -0.38729 -0.31987 -0.24743 -0.16997 -0.08749 0.00000 0.09250 0.19000
-0.89585 -0.89585 -0.88959 -0.87783 -0.86084 -0.83871 -0.81149 -0.77922 -0.74190 -0.69954 -0.65216 -0.59976 -0.54233 -0.47989 -0.41243 -0.33996 -0.26248 -0.17999 -0.09250 0.00000 0.09750
-0.99750 -0.99750 -0.99000 -0.97750 -0.96000 -0.93750 -0.91000 -0.87750 -0.84000 -0.79750 -0.75000 -0.69750 -0.64000 -0.57750 -0.51000 -0.43750 -0.36000 -0.27750 -0.19000 -0.09750 0.00000
