1.00000 0.98079 0.92388 0.83147 0.70711 0.55557 0.38268 0.19509 0.00000 -0.19509 -0.38268 -0.55557 -0.70711 -0.83147 -0.92388 -0.98079 -1.00000 -0.98079 -0.92388 -0.83147 -0.70711 -0.55557 -0.38268 -0.19509 -0.00000 0.19509 0.38268 0.55557 0.70711 0.83147 0.92388 0.98079 1.00000
0.99518 0.97606 0.91943 0.82747 0.70370 0.55290 0.38084 0.19415 0.00000 -0.19415 -0.38084 -0.55290 -0.70370 -0.82747 -0.91943 -0.97606 -0.99518 -0.97606 -0.91943 -0.82747 -0.70370 -0.55290 -0.38084 -0.19415 -0.00000 0.19415 0.38084 0.55290 0.70370 0.82747 0.91943 0.97606 0.99518
0.98079 0.96194 0.90613 0.81549 0.69352 0.54490 0.37533 0.19134 0.00000 -0.19134 -0.37533 -0.54490 -0.69352 -0.81549 -0.90613 -0.96194 -0.98079 -0.96194 -0.90613 -0.81549 -0.69352 -0.54490 -0.37533 -0.19134 -0.00000 0.19134 0.37533 0.54490 0.69352 0.81549 0.90613 0.96194 0.98079
0.95694 0.93855 0.88410 0.79567 0.67666 0.53165 0.36621 0.18669 0.00000 -0.18669 -0.36621 -0.53165 -0.67666 -0.79567 -0.88410 -0.93855 -0.95694 -0.93855 -0.88410 -0.79567 -0.67666 -0.53165 -0.36621 -0.18669 -0.00000 0.18669 0.36621 0.53165 0.67666 0.79567 0.88410 0.93855 0.95694
0.92388 0.90613 0.85355 0.76818 0.65328 0.51328 0.35355 0.18024 0.00000 -0.18024 -0.35355 -0.51328 -0.65328 -0.76818 -0.85355 -0.90613 -0.92388 -0.90613 -0.85355 -0.76818 -0.65328 -0.51328 -0.35355 -0.18024 -0.00000 0.18024 0.35355 0.51328 0.65328 0.76818 0.85355 0.90613 0.92388
0.88192 0.86498 0.81479 0.73329 0.62361 0.48997 0.33750 0.17205 0.00000 -0.17205 -0.33750 -0.48997 -0.62361 -0.73329 -0.81479 -0.86498 -0.88192 -0.86498 -0.81479 -0.73329 -0.62361 -0.48997 -0.33750 -0.17205 -0.00000 0.17205 0.33750 0.48997 0.62361 0.73329 0.81479 0.86498 0.88192
0.83147 0.81549 0.76818 0.69134 0.58794 0.46194 0.31819 0.16221 0.00000 -0.16221 -0.31819 -0.46194 -0.58794 -0.69134 -0.76818 -0.81549 -0.83147 -0.81549 -0.76818 -0.69134 -0.58794 -0.46194 -0.31819 -0.16221 -0.00000 0.16221 0.31819 0.46194 0.58794 0.69134 0.76818 0.81549 0.83147
0.77301 0.75816 0.71417 0.64273 0.54660 0.42946 0.29582 0.15081 0.00000 -0.15081 -0.29582 -0.42946 -0.54660 -0.64273 -0.71417 -0.75816 -0.77301 -0.75816 -0.71417 -0.64273 -0.54660 -0.42946 -0.29582 -0.15081 -0.00000 0.15081 0.29582 0.42946 0.54660 0.64273 0.71417 0.75816 0.77301
0.70711 0.69352 0.65328 0.58794 0.50000 0.39285 0.27060 0.13795 0.00000 -0.13795 -0.27060 -0.39285 -0.50000 -0.58794 -0.65328 -0.69352 -0.70711 -0.69352 -0.65328 -0.58794 -0.50000 -0.39285 -0.27060 -0.13795 -0.00000 0.13795 0.27060 0.39285 0.50000 0.58794 0.65328 0.69352 0.70711
0.63439 0.62220 0.58610 0.52748 0.44858 0.35245 0.24277 0.12376 0.00000 -0.12376 -0.24277 -0.35245 -0.44858 -0.52748 -0.58610 -0.62220 -0.63439 -0.62220 -0.58610 -0.52748 -0.44858 -0.35245 -0.24277 -0.12376 -0.00000 0.12376 0.24277 0.35245 0.44858 0.52748 0.58610 0.62220 0.63439
0.55557 0.54490 0.51328 0.46194 0.39285 0.30866 0.21261 0.10839 0.00000 -0.10839 -0.21261 -0.30866 -0.39285 -0.46194 -0.51328 -0.54490 -0.55557 -0.54490 -0.51328 -0.46194 -0.39285 -0.30866 -0.21261 -0.10839 -0.00000 0.10839 0.21261 0.30866 0.39285 0.46194 0.51328 0.54490 0.55557
0.47140 0.46234 0.43551 0.39195 0.33333 0.26189 0.18040 0.09196 0.00000 -0.09196 -0.18040 -0.26189 -0.33333 -0.39195 -0.43551 -0.46234 -0.47140 -0.46234 -0.43551 -0.39195 -0.33333 -0.26189 -0.18040 -0.09196 -0.00000 0.09196 0.18040 0.26189 0.33333 0.39195 0.43551 0.46234 0.47140
0.38268 0.37533 0.35355 0.31819 0.27060 0.21261 0.14645 0.07466 0.00000 -0.07466 -0.14645 -0.21261 -0.27060 -0.31819 -0.35355 -0.37533 -0.38268 -0.37533 -0.35355 -0.31819 -0.27060 -0.21261 -0.14645 -0.07466 -0.00000 0.07466 0.14645 0.21261 0.27060 0.31819 0.35355 0.37533 0.38268
0.29028 0.28471 0.26819 0.24136 0.20526 0.16127 0.11109 0.05663 0.00000 -0.05663 -0.11109 -0.16127 -0.20526 -0.24136 -0.26819 -0.28471 -0.29028 -0.28471 -0.26819 -0.24136 -0.20526 -0.16127 -0.11109 -0.05663 -0.00000 0.05663 0.11109 0.16127 0.20526 0.24136 0.26819 0.28471 0.29028
0.19509 0.19134 0.18024 0.16221 0.13795 0.10839 0.07466 0.03806 0.00000 -0.03806 -0.07466 -0.10839 -0.13795 -0.16221 -0.18024 -0.19134 -0.19509 -0.19134 -0.18024 -0.16221 -0.13795 -0.10839 -0.07466 -0.03806 -0.00000 0.03806 0.07466 0.10839 0.13795 0.16221 0.18024 0.19134 0.19509
0.09802 0.09613 0.09056 0.08150 0.06931 0.05446 0.03751 0.01912 0.00000 -0.01912 -0.03751 -0.05446 -0.06931 -0.08150 -0.09056 -0.09613 -0.09802 -0.09613 -0.09056 -0.08150 -0.06931 -0.05446 -0.03751 -0.01912 -0.00000 0.01912 0.03751 0.05446 0.06931 0.08150 0.09056 0.09613 0.09802
0.00000 0.00000 0.00000 0.00000 0.00000 0.00000 0.00000 0.00000 0.00000 -0.00000 -0.00000 -0.00000 -0.00000 -0.00000 -0.00000 -0.00000 -0.00000 -0.00000 -0.00000 -0.00000 -0.00000 -0.00000 -0.00000 -0.00000 -0.00000 0.00000 0.00000 0.00000 0.00000 0.00000 0.00000 0.00000 0.00000

0.95123 0.93295 0.87882 0.79092 0.67262 0.52847 0.36402 0.18558 0.00000 -0.18558 -0.36402 -0.52847 -0.67262 -0.79092 -0.87882 -0.93295 -0.95123 -0.93295 -0.87882 -0.79092 -0.67262 -0.52847 -0.36402 -0.18558 -0.00000 0.18558 0.36402 0.52847 0.67262 0.79092 0.87882 0.93295 0.00000
0.94665 0.92410 0.86670 0.77904 0.66227 0.52029 0.35837 0.18269 0.00000 -0.18269 -0.35836 -0.52025 -0.66216 -0.77862 -0.86515 -0.91844 -0.93643 -0.91844 -0.86515 -0.77862 -0.66216 -0.52025 -0.35836 -0.18270 -0.00004 0.18253 0.35778 0.51814 0.65442 0.75033 0.76181 0.54085 0.00000
0.93295 0.90955 0.85203 0.76559 0.65077 0.51123 0.35213 0.17951 0.00000 -0.17951 -0.35212 -0.51119 -0.65063 -0.76506 -0.85008 -0.90244 -0.92012 -0.90244 -0.85008 -0.76506 -0.65063 -0.51119 -0.35212 -0.17952 -0.00005 0.17931 0.35139 0.50853 0.64091 0.72955 0.72034 0.42836 0.00000
0.91027 0.88712 0.83074 0.74639 0.63443 0.49839 0.34328 0.17500 0.00000 -0.17500 -0.34327 -0.49835 -0.63428 -0.74584 -0.82873 -0.87977 -0.89701 -0.87977 -0.82873 -0.74584 -0.63428 -0.49835 -0.34328 -0.17501 -0.00006 0.17479 0.34252 0.49560 0.62424 0.70913 0.69461 0.38970 0.00000
0.87882 0.85639 0.80188 0.72044 0.61237 0.48106 0.33135 0.16892 0.00000 -0.16891 -0.33133 -0.48102 -0.61223 -0.71990 -0.79991 -0.84918 -0.86582 -0.84918 -0.79991 -0.71990 -0.61223 -0.48102 -0.33134 -0.16893 -0.00006 0.16871 0.33060 0.47833 0.60238 0.68391 0.66839 0.36862 0.00000
0.83891 0.81747 0.76542 0.68768 0.58453 0.45919 0.31628 0.16123 0.00000 -0.16123 -0.31627 -0.45915 -0.58438 -0.68716 -0.76353 -0.81056 -0.82644 -0.81056 -0.76353 -0.68716 -0.58438 -0.45915 -0.31627 -0.16125 -0.00005 0.16104 0.31556 0.45656 0.57494 0.65265 0.63744 0.34983 0.00000
0.79092 0.77070 0.72163 0.64833 0.55108 0.43291 0.29818 0.15201 0.00000 -0.15200 -0.29817 -0.43287 -0.55094 -0.64784 -0.71984 -0.76418 -0.77915 -0.76418 -0.71984 -0.64784 -0.55094 -0.43287 -0.29817 -0.15202 -0.00005 0.15182 0.29750 0.43043 0.54203 0.61527 0.60082 0.32926 0.00000
0.73531 0.71651 0.67089 0.60274 0.51233 0.40247 0.27721 0.14132 0.00000 -0.14132 -0.27720 -0.40244 -0.51220 -0.60229 -0.66923 -0.71045 -0.72437 -0.71045 -0.66923 -0.60229 -0.51220 -0.40244 -0.27721 -0.14133 -0.00005 0.14115 0.27658 0.40017 0.50391 0.57199 0.55853 0.30596 0.00000
0.67262 0.65542 0.61369 0.55135 0.46865 0.36816 0.25358 0.12927 0.00000 -0.12927 -0.25357 -0.36813 -0.46854 -0.55094 -0.61217 -0.64988 -0.66261 -0.64988 -0.61217 -0.55094 -0.46854 -0.36813 -0.25357 -0.12928 -0.00004 0.12911 0.25300 0.36605 0.46095 0.52322 0.51090 0.27984 0.00000
0.60345 0.58802 0.55058 0.49466 0.42046 0.33030 0.22750 0.11598 0.00000 -0.11598 -0.22749 -0.33027 -0.42035 -0.49428 -0.54922 -0.58305 -0.59447 -0.58305 -0.54922 -0.49428 -0.42035 -0.33027 -0.22750 -0.11599 -0.00004 0.11584 0.22698 0.32841 0.41355 0.46942 0.45836 0.25105 0.00000
0.52847 0.51496 0.48217 0.43320 0.36821 0.28926 0.19923 0.10157 0.00000 -0.10157 -0.19923 -0.28923 -0.36813 -0.43287 -0.48098 -0.51060 -0.52061 -0.51060 -0.48098 -0.43287 -0.36813 -0.28924 -0.19923 -0.10157 -0.00003 0.10144 0.19878 0.28760 0.36217 0.41109 0.40141 0.21986 0.00000
0.44841 0.43694 0.40912 0.36756 0.31243 0.24543 0.16905 0.08618 0.00000 -0.08618 -0.16904 -0.24541 -0.31235 -0.36729 -0.40811 -0.43324 -0.44173 -0.43324 -0.40811 -0.36729 -0.31235 -0.24541 -0.16905 -0.08619 -0.00003 0.08607 0.16866 0.24403 0.30729 0.34881 0.34059 0.18655 0.00000
0.36402 0.35471 0.33213 0.29839 0.25363 0.19924 0.13724 0.06996 0.00000 -0.06996 -0.13723 -0.19923 -0.25357 -0.29817 -0.33130 -0.35171 -0.35860 -0.35171 -0.33130 -0.29817 -0.25357 -0.19923 -0.13723 -0.06997 -0.00002 0.06988 0.13692 0.19810 0.24946 0.28317 0.27649 0.15144 0.00000
0.27613 0.26907 0.25193 0.22634 0.19239 0.15114 0.10410 0.05307 0.00000 -0.05307 -0.10410 -0.15112 -0.19235 -0.22617 -0.25131 -0.26679 -0.27202 -0.26679 -0.25131 -0.22617 -0.19235 -0.15112 -0.10410 -0.05307 -0.00002 0.05300 0.10386 0.15027 0.18923 0.21480 0.20974 0.11487 0.00000
0.18558 0.18083 0.16932 0.15212 0.12930 0.10157 0.06996 0.03567 0.00000 -0.03567 -0.06996 -0.10157 -0.12927 -0.15200 -0.16890 -0.17930 -0.18281 -0.17930 -0.16890 -0.15200 -0.12927 -0.10157 -0.06996 -0.03567 -0.00001 0.03562 0.06980 0.10099 0.12718 0.14436 0.14096 0.07720 0.00000
0.09324 0.09085 0.08507 0.07643 0.06496 0.05103 0.03515 0.01792 0.00000 -0.01792 -0.03515 -0.05103 -0.06495 -0.07637 -0.08486 -0.09008 -0.09185 -0.09008 -0.08486 -0.07637 -0.06495 -0.05103 -0.03515 -0.01792 -0.00001 0.01790 0.03507 0.05074 0.06390 0.07253 0.07082 0.03879 0.00000
0.00000 0.00000 0.00000 0.00000 0.00000 0.00000 0.00000 0.00000 0.00000 0.00000 0.00000 0.00000 0.00000 0.00000 0.00000 0.00000 0.00000 0.00000 0.00000 0.00000 0.00000 0.00000 0.00000 0.00000 0.00000 0.00000 0.00000 0.00000 0.00000 0.00000 0.00000 0.00000 0.00000

0.90484 0.88745 0.83596 0.75234 0.63982 0.50270 0.34627 0.17653 0.00000 -0.17653 -0.34627 -0.50270 -0.63982 -0.75234 -0.83596 -0.88745 -0.90484 -0.88745 -0.83596 -0.75234 -0.63982 -0.50270 -0.34627 -0.17653 -0.00000 0.17653 0.34627 0.50270 0.63982 0.75234 0.83596 0.88745 0.00000
0.90048 0.87687 0.82052 0.73639 0.62531 0.49098 0.33810 0.17235 0.00001 -0.17231 -0.33801 -0.49072 -0.62457 -0.73441 -0.81603 -0.86630 -0.88327 -0.86630 -0.81604 -0.73441 -0.62457 -0.49073 -0.33807 -0.17249 -0.00057 0.17053 0.33253 0.47444 0.57883 0.61754 0.57255 0.44009 0.00000
0.88745 0.86206 0.80480 0.72149 0.61227 0.48059 0.33090 0.16867 0.00001 -0.16863 -0.33078 -0.48022 -0.61120 -0.71870 -0.79857 -0.84776 -0.86437 -0.84776 -0.79857 -0.71870 -0.61121 -0.48024 -0.33086 -0.16888 -0.00080 0.16610 0.32304 0.45739 0.54774 0.55977 0.48442 0.30328 0.00000
0.86588 0.84041 0.78399 0.70256 0.59605 0.46781 0.32209 0.16417 0.00001 -0.16413 -0.32195 -0.46740 -0.59489 -0.69952 -0.77726 -0.82514 -0.84130 -0.82514 -0.77726 -0.69952 -0.59490 -0.46743 -0.32204 -0.16440 -0.00088 0.16138 0.31354 0.44265 0.52638 0.52936 0.44846 0.25780 0.00000
0.83596 0.81116 0.75651 0.67785 0.57504 0.45130 0.31071 0.15838 0.00001 -0.15833 -0.31058 -0.45089 -0.57387 -0.67480 -0.74980 -0.79598 -0.81158 -0.79598 -0.74980 -0.67481 -0.57388 -0.45091 -0.31066 -0.15861 -0.00088 0.15557 0.30216 0.42615 0.50551 0.50556 0.42572 0.23783 0.00000
0.79800 0.77425 0.72203 0.64692 0.54879 0.43069 0.29653 0.15114 0.00001 -0.15110 -0.29639 -0.43030 -0.54766 -0.64398 -0.71556 -0.75963 -0.77451 -0.75963 -0.71556 -0.64399 -0.54767 -0.43032 -0.29648 -0.15137 -0.00085 0.14844 0.28826 0.40641 0.48169 0.48086 0.40425 0.22383 0.00000
0.75234 0.72994 0.68069 0.60987 0.51735 0.40602 0.27954 0.14248 0.00001 -0.14244 -0.27941 -0.40565 -0.51629 -0.60709 -0.67456 -0.71611 -0.73014 -0.71611 -0.67457 -0.60709 -0.51630 -0.40567 -0.27949 -0.14269 -0.00080 0.13992 0.27171 0.38303 0.45387 0.45281 0.38050 0.21011 0.00000
0.69945 0.67861 0.63282 0.56698 0.48097 0.37746 0.25988 0.13246 0.00001 -0.13242 -0.25976 -0.37711 -0.47998 -0.56439 -0.62712 -0.66575 -0.67879 -0.66575 -0.62712 -0.56439 -0.47998 -0.37714 -0.25983 -0.13266 -0.00075 0.13008 0.25259 0.35607 0.42187 0.42081 0.35356 0.19508 0.00000
0.63982 0.62076 0.57887 0.51864 0.43996 0.34528 0.23772 0.12117 0.00001 -0.12113 -0.23761 -0.34496 -0.43905 -0.51627 -0.57365 -0.60898 -0.62091 -0.60898 -0.57365 -0.51627 -0.43906 -0.34498 -0.23768 -0.12135 -0.00068 0.11899 0.23105 0.32570 0.38588 0.38488 0.32337 0.17837 0.00000
0.57402 0.55692 0.51934 0.46531 0.39472 0.30977 0.21327 0.10871 0.00001 -0.10867 -0.21318 -0.30949 -0.39390 -0.46318 -0.51466 -0.54636 -0.55706 -0.54636 -0.51466 -0.46318 -0.39391 -0.30950 -0.21324 -0.10887 -0.00061 0.10675 0.20729 0.29220 0.34619 0.34529 0.29010 0.16001 0.00000
0.50270 0.48772 0.45481 0.40749 0.34567 0.27128 0.18677 0.09520 0.00001 -0.09517 -0.18669 -0.27103 -0.34496 -0.40563 -0.45071 -0.47847 -0.48785 -0.47847 -0.45071 -0.40563 -0.34496 -0.27105 -0.18674 -0.09534 -0.00054 0.09349 0.18154 0.25590 0.30318 0.30238 0.25405 0.14012 0.00000
0.42654 0.41383 0.38590 0.34575 0.29330 0.23018 0.15848 0.08078 0.00001 -0.08075 -0.15840 -0.22997 -0.29269 -0.34417 -0.38242 -0.40598 -0.41393 -0.40598 -0.38242 -0.34417 -0.29270 -0.22998 -0.15845 -0.08090 -0.00046 0.07932 0.15403 0.21713 0.25724 0.25657 0.21556 0.11889 0.00000
0.34627 0.33595 0.31328 0.28069 0.23810 0.18686 0.12865 0.06558 0.00001 -0.06556 -0.12859 -0.18669 -0.23761 -0.27940 -0.31046 -0.32958 -0.33603 -0.32958 -0.31046 -0.27940 -0.23762 -0.18670 -0.12863 -0.06567 -0.00037 0.06439 0.12504 0.17626 0.20883 0.20828 0.17499 0.09652 0.00000
0.26266 0.25484 0.23764 0.21291 0.18061 0.14175 0.09759 0.04974 0.00000 -0.04973 -0.09755 -0.14161 -0.18024 -0.21194 -0.23550 -0.25000 -0.25490 -0.25000 -0.23550 -0.21194 -0.18024 -0.14162 -0.09757 -0.04982 -0.00028 0.04885 0.09485 0.13371 0.15841 0.15799 0.13274 0.07321 0.00000
0.17653 0.17127 0.15971 0.14309 0.12138 0.09526 0.06559 0.03343 0.00000 -0.03342 -0.06556 -0.09517 -0.12113 -0.14244 -0.15827 -0.16802 -0.17131 -0.16802 -0.15827 -0.14244 -0.12114 -0.09518 -0.06558 -0.03348 -0.00019 0.03283 0.06375 0.08986 0.10646 0.10618 0.08921 0.04920 0.00000
0.08869 0.08605 0.08024 0.07189 0.06099 0.04786 0.03295 0.01680 0.00000 -0.01679 -0.03294 -0.04782 -0.06086 -0.07156 -0.07952 -0.08442 -0.08607 -0.08442 -0.07952 -0.07156 -0.06086 -0.04782 -0.03295 -0.01682 -0.00009 0.01649 0.03203 0.04515 0.05349 0.05335 0.04482 0.02472 0.00000
0.00000 0.00000 0.00000 0.00000 0.00000 0.00000 0.00000 0.00000 0.00000 0.00000 0.00000 0.00000 0.00000 0.00000 0.00000 0.00000 0.00000 0.00000 0.00000 0.00000 0.00000 0.00000 0.00000 0.00000 0.00000 0.00000 0.00000 0.00000 0.00000 0.00000 0.00000 0.00000 0.00000

0.86071 0.84417 0.79519 0.71565 0.60861 0.47818 0.32938 0.16792 0.00000 -0.16792 -0.32938 -0.47818 -0.60861 -0.71565 -0.79519 -0.84417 -0.86071 -0.84417 -0.79519 -0.71565 -0.60861 -0.47818 -0.32938 -0.16792 -0.00000 0.16792 0.32938 0.47818 0.60861 0.71565 0.79519 0.84417 0.00000
0.85656 0.83284 0.77819 0.69758 0.59179 0.46436 0.31964 0.16291 0.00005 -0.16276 -0.31930 -0.46355 -0.58999 -0.69376 -0.77087 -0.81835 -0.83438 -0.81835 -0.77087 -0.69378 -0.59004 -0.46368 -0.31967 -0.16382 -0.00285 0.15533 0.30097 0.42199 0.50513 0.53414 0.48937 0.38854 0.00000
0.84417 0.81800 0.76187 0.68170 0.57759 0.45290 0.31163 0.15881 0.00008 -0.15858 -0.31111 -0.45167 -0.57487 -0.67597 -0.75110 -0.79736 -0.81298 -0.79736 -0.75111 -0.67599 -0.57493 -0.45187 -0.31169 -0.16021 -0.00438 0.14723 0.28340 0.38974 0.45135 0.45036 0.37694 0.24218 0.00000
0.82365 0.79709 0.74150 0.66296 0.56141 0.44008 0.30275 0.15427 0.00009 -0.15401 -0.30215 -0.43867 -0.55832 -0.65652 -0.72949 -0.77442 -0.78959 -0.77442 -0.72949 -0.65655 -0.55840 -0.43890 -0.30281 -0.15588 -0.00498 0.14114 0.27089 0.36933 0.42164 0.41006 0.33195 0.19252 0.00000
0.79519 0.76919 0.71523 0.63928 0.54124 0.42421 0.29182 0.14870 0.00009 -0.14843 -0.29120 -0.42277 -0.53809 -0.63273 -0.70305 -0.74635 -0.76098 -0.74636 -0.70306 -0.63275 -0.53817 -0.42301 -0.29188 -0.15034 -0.00510 0.13529 0.25934 0.35237 0.40009 0.38526 0.30856 0.17231 0.00000
0.75908 0.73413 0.68252 0.60998 0.51639 0.40471 0.27840 0.14186 0.00009 -0.14159 -0.27780 -0.40331 -0.51332 -0.60360 -0.67069 -0.71200 -0.72595 -0.71200 -0.67069 -0.60363 -0.51340 -0.40354 -0.27846 -0.14346 -0.00498 0.12878 0.24677 0.33485 0.37945 0.36407 0.29066 0.16031 0.00000
0.71565 0.69209 0.64340 0.57500 0.48676 0.38148 0.26241 0.13371 0.00008 -0.13346 -0.26184 -0.38015 -0.48384 -0.56894 -0.63217 -0.67111 -0.68426 -0.67111 -0.63218 -0.56896 -0.48391 -0.38037 -0.26247 -0.13524 -0.00473 0.12128 0.23237 0.31516 0.35690 0.34200 0.27278 0.14986 0.00000
0.66534 0.64342 0.59814 0.53454 0.45251 0.35464 0.24395 0.12430 0.00008 -0.12407 -0.24341 -0.35339 -0.44978 -0.52889 -0.58767 -0.62387 -0.63609 -0.62387 -0.58768 -0.52891 -0.44985 -0.35359 -0.24400 -0.12572 -0.00441 0.11271 0.21594 0.29283 0.33153 0.31755 0.25321 0.13894 0.00000
0.60861 0.58856 0.54714 0.48896 0.41392 0.32439 0.22314 0.11370 0.00007 -0.11349 -0.22265 -0.32325 -0.41143 -0.48379 -0.53756 -0.57067 -0.58185 -0.57067 -0.53756 -0.48381 -0.41149 -0.32344 -0.22319 -0.11500 -0.00404 0.10309 0.19750 0.26780 0.30317 0.29035 0.23150 0.12697 0.00000
0.54603 0.52804 0.49087 0.43867 0.37135 0.29103 0.20019 0.10201 0.00006 -0.10182 -0.19976 -0.29001 -0.36911 -0.43403 -0.48227 -0.51198 -0.52201 -0.51198 -0.48228 -0.43405 -0.36917 -0.29018 -0.20024 -0.10318 -0.00362 0.09248 0.17718 0.24025 0.27197 0.26045 0.20766 0.11388 0.00000
0.47818 0.46243 0.42988 0.38417 0.32521 0.25487 0.17532 0.08933 0.00006 -0.08916 -0.17494 -0.25397 -0.32325 -0.38010 -0.42235 -0.44836 -0.45715 -0.44836 -0.42235 -0.38012 -0.32330 -0.25412 -0.17536 -0.09036 -0.00317 0.08099 0.15516 0.21039 0.23817 0.22808 0.18184 0.09972 0.00000
0.40573 0.39237 0.36475 0.32596 0.27594 0.21626 0.14876 0.07580 0.00005 -0.07566 -0.14843 -0.21550 -0.27428 -0.32251 -0.35836 -0.38043 -0.38788 -0.38043 -0.35836 -0.32253 -0.27432 -0.21562 -0.14879 -0.07667 -0.00269 0.06872 0.13165 0.17851 0.20208 0.19352 0.15429 0.08461 0.00000
0.32938 0.31853 0.29611 0.26462 0.22401 0.17556 0.12076 0.06153 0.00004 -0.06142 -0.12050 -0.17494 -0.22266 -0.26182 -0.29092 -0.30884 -0.31489 -0.30884 -0.29092 -0.26183 -0.22269 -0.17504 -0.12079 -0.06224 -0.00219 0.05579 0.10687 0.14492 0.16405 0.15710 0.12525 0.06869 0.00000
0.24985 0.24162 0.22461 0.20073 0.16992 0.13317 0.09160 0.04668 0.00003 -0.04659 -0.09140 -0.13270 -0.16890 -0.19860 -0.22068 -0.23427 -0.23886 -0.23427 -0.22068 -0.19861 -0.16892 -0.13278 -0.09162 -0.04721 -0.00166 0.04232 0.08107 0.10993 0.12444 0.11917 0.09501 0.05210 0.00000
0.16792 0.16238 0.15095 0.13490 0.11420 0.08950 0.06156 0.03137 0.00002 -0.03131 -0.06143 -0.08918 -0.11351 -0.13347 -0.14831 -0.15744 -0.16053 -0.15744 -0.14831 -0.13348 -0.11353 -0.08924 -0.06158 -0.03173 -0.00111 0.02844 0.05448 0.07388 0.08363 0.08009 0.06385 0.03502 0.00000
0.08436 0.08158 0.07584 0.06778 0.05738 0.04497 0.03093 0.01576 0.00001 -0.01573 -0.03086 -0.04481 -0.05703 -0.06706 -0.07451 -0.07910 -0.08065 -0.07910 -0.07451 -0.06706 -0.05704 -0.04483 -0.03094 -0.01594 -0.00056 0.01429 0.02737 0.03712 0.04202 0.04024 0.03208 0.01759 0.00000
0.00000 0.00000 0.00000 0.00000 0.00000 0.00000 0.00000 0.00000 0.00000 0.00000 0.00000 0.00000 0.00000 0.00000 0.00000 0.00000 0.00000 0.00000 0.00000 0.00000 0.00000 0.00000 0.00000 0.00000 0.00000 0.00000 0.00000 0.00000 0.00000 0.00000 0.00000 0.00000 0.00000

0.81873 0.80300 0.75641 0.68075 0.57893 0.45486 0.31331 0.15973 0.00000 -0.15973 -0.31331 -0.45486 -0.57893 -0.68075 -0.75641 -0.80300 -0.81873 -0.80300 -0.75641 -0.68075 -0.57893 -0.45486 -0.31331 -0.15973 -0.00000 0.15973 0.31331 0.45486 0.57893 0.68075 0.75641 0.80300 0.00000
0.81479 0.79140 0.73874 0.66163 0.56088 0.43987 0.30267 0.15427 0.00015 -0.15386 -0.30191 -0.43833 -0.55790 -0.65602 -0.72893 -0.77383 -0.78900 -0.77384 -0.72896 -0.65610 -0.55811 -0.43888 -0.30330 -0.15722 -0.00755 0.13767 0.26928 0.37684 0.44941 0.47605 0.43736 0.35398 0.00000
0.80300 0.77673 0.72220 0.64523 0.54600 0.42772 0.29413 0.14989 0.00025 -0.14923 -0.29289 -0.42525 -0.54125 -0.63645 -0.70719 -0.75075 -0.76546 -0.75076 -0.70723 -0.63658 -0.54160 -0.42615 -0.29515 -0.15468 -0.01217 0.12339 0.24151 0.33023 0.37825 0.37566 0.31242 0.20469 0.00000
0.78348 0.75656 0.70230 0.62674 0.52990 0.41489 0.28521 0.14534 0.00029 -0.14455 -0.28374 -0.41198 -0.52437 -0.61660 -0.68513 -0.72733 -0.74158 -0.72735 -0.68518 -0.61675 -0.52478 -0.41305 -0.28642 -0.15098 -0.01429 0.11439 0.22425 0.30310 0.34040 0.32736 0.26106 0.15261 0.00000
0.75641 0.72993 0.67714 0.60399 0.51048 0.39958 0.27464 0.13995 0.00031 -0.13913 -0.27311 -0.39655 -0.50473 -0.59351 -0.65947 -0.70009 -0.71381 -0.70011 -0.65953 -0.59366 -0.50516 -0.39767 -0.27591 -0.14584 -0.01489 0.10781 0.21159 0.28456 0.31696 0.30069 0.23623 0.13190 0.00000
0.72206 0.69659 0.64605 0.57615 0.48687 0.38106 0.26190 0.13345 0.00030 -0.13264 -0.26039 -0.37807 -0.48122 -0.56586 -0.62875 -0.66748 -0.68056 -0.66750 -0.62880 -0.56601 -0.48164 -0.37918 -0.26315 -0.13927 -0.01467 0.10184 0.20001 0.26845 0.29808 0.28128 0.21991 0.12086 0.00000
0.68075 0.65667 0.60897 0.54304 0.45886 0.35912 0.24682 0.12577 0.00029 -0.12499 -0.24537 -0.35627 -0.45347 -0.53323 -0.59249 -0.62899 -0.64131 -0.62900 -0.59254 -0.53338 -0.45387 -0.35733 -0.24802 -0.13132 -0.01401 0.09560 0.18782 0.25190 0.27937 0.26312 0.20539 0.11229 0.00000
0.63289 0.61048 0.56611 0.50480 0.42654 0.33383 0.22943 0.11691 0.00027 -0.11618 -0.22807 -0.33116 -0.42150 -0.49564 -0.55073 -0.58465 -0.59611 -0.58467 -0.55078 -0.49578 -0.42188 -0.33215 -0.23055 -0.12210 -0.01309 0.08872 0.17434 0.23375 0.25914 0.24389 0.19029 0.10387 0.00000
0.57893 0.55843 0.51783 0.46175 0.39016 0.30535 0.20985 0.10693 0.00025 -0.10627 -0.20861 -0.30291 -0.38554 -0.45335 -0.50374 -0.53477 -0.54525 -0.53478 -0.50379 -0.45348 -0.38589 -0.30381 -0.21088 -0.11169 -0.01200 0.08110 0.15938 0.21367 0.23684 0.22285 0.17385 0.09484 0.00000
0.51940 0.50100 0.46457 0.41426 0.35003 0.27394 0.18827 0.09593 0.00022 -0.09534 -0.18716 -0.27175 -0.34588 -0.40672 -0.45193 -0.47977 -0.48917 -0.47978 -0.45197 -0.40684 -0.34620 -0.27256 -0.18919 -0.10021 -0.01077 0.07274 0.14295 0.19165 0.21242 0.19985 0.15590 0.08503 0.00000
0.45486 0.43875 0.40685 0.36279 0.30654 0.23990 0.16488 0.08401 0.00020 -0.08349 -0.16390 -0.23798 -0.30291 -0.35618 -0.39577 -0.42015 -0.42838 -0.42016 -0.39581 -0.35628 -0.30318 -0.23869 -0.16569 -0.08776 -0.00944 0.06370 0.12518 0.16782 0.18600 0.17499 0.13650 0.07445 0.00000
0.38595 0.37227 0.34521 0.30782 0.26009 0.20356 0.13990 0.07128 0.00017 -0.07084 -0.13907 -0.20193 -0.25701 -0.30222 -0.33581 -0.35649 -0.36348 -0.35650 -0.33584 -0.30230 -0.25724 -0.20253 -0.14058 -0.07446 -0.00801 0.05405 0.10621 0.14239 0.15782 0.14847 0.11582 0.06317 0.00000
0.31331 0.30222 0.28024 0.24989 0.21115 0.16525 0.11357 0.05787 0.00013 -0.05751 -0.11290 -0.16392 -0.20864 -0.24534 -0.27261 -0.28940 -0.29507 -0.28941 -0.27264 -0.24541 -0.20883 -0.16441 -0.11413 -0.06045 -0.00650 0.04387 0.08622 0.11559 0.12811 0.12053 0.09402 0.05128 0.00000
0.23766 0.22925 0.21258 0.18955 0.16017 0.12535 0.08615 0.04390 0.00010 -0.04362 -0.08564 -0.12434 -0.15827 -0.18610 -0.20679 -0.21953 -0.22383 -0.21953 -0.20681 -0.18616 -0.15841 -0.12472 -0.08657 -0.04585 -0.00493 0.03328 0.06540 0.08768 0.09718 0.09143 0.07132 0.03890 0.00000
0.15973 0.15407 0.14287 0.12739 0.10764 0.08424 0.05790 0.02950 0.00007 -0.02932 -0.05755 -0.08357 -0.10637 -0.12507 -0.13898 -0.14754 -0.15043 -0.14754 -0.13899 -0.12511 -0.10646 -0.08382 -0.05818 -0.03082 -0.00331 0.02237 0.04395 0.05893 0.06531 0.06144 0.04793 0.02614 0.00000
0.08025 0.07741 0.07178 0.06400 0.05408 0.04233 0.02909 0.01482 0.00003 -0.01473 -0.02892 -0.04199 -0.05344 -0.06284 -0.06982 -0.07413 -0.07558 -0.07413 -0.06983 -0.06286 -0.05349 -0.04211 -0.02923 -0.01548 -0.00167 0.01124 0.02208 0.02961 0.03281 0.03087 0.02408 0.01313 0.00000
0.00000 0.00000 0.00000 0.00000 0.00000 0.00000 0.00000 0.00000 0.00000 0.00000 0.00000 0.00000 0.00000 0.00000 0.00000 0.00000 0.00000 0.00000 0.00000 0.00000 0.00000 0.00000 0.00000 0.00000 0.00000 0.00000 0.00000 0.00000 0.00000 0.00000 0.00000 0.00000 0.00000

0.77880 0.76384 0.71952 0.64755 0.55070 0.43268 0.29803 0.15194 0.00000 -0.15194 -0.29803 -0.43268 -0.55070 -0.64755 -0.71952 -0.76384 -0.77880 -0.76384 -0.71952 -0.64755 -0.55070 -0.43268 -0.29803 -0.15194 -0.00000 0.15194 0.29803 0.43268 0.55070 0.64755 0.71952 0.76384 0.00000
0.77505 0.75225 0.70170 0.62805 0.53212 0.41714 0.28697 0.14630 0.00032 -0.14551 -0.28565 -0.41477 -0.52793 -0.62078 -0.68978 -0.73228 -0.74663 -0.73231 -0.68989 -0.62106 -0.52858 -0.41627 -0.28894 -0.15239 -0.01334 0.12061 0.24116 0.33941 0.40588 0.43196 0.39905 0.32737 0.00000
0.76384 0.73789 0.68521 0.61147 0.51692 0.40464 0.27815 0.14182 0.00054 -0.14047 -0.27593 -0.40070 -0.51004 -0.59976 -0.66643 -0.70749 -0.72136 -0.70755 -0.66661 -0.60022 -0.51115 -0.40324 -0.28148 -0.15202 -0.02218 0.09956 0.20395 0.28135 0.32268 0.32146 0.26804 0.17864 0.00000
0.74527 0.71846 0.66585 0.59332 0.50101 0.39189 0.26926 0.13730 0.00066 -0.13566 -0.26657 -0.38715 -0.49280 -0.57949 -0.64391 -0.68358 -0.69699 -0.68366 -0.64413 -0.58006 -0.49415 -0.39024 -0.27332 -0.14962 -0.02666 0.08686 0.18156 0.24794 0.27811 0.26722 0.21248 0.12538 0.00000
0.71952 0.69303 0.64173 0.57145 0.48228 0.37710 0.25905 0.13209 0.00070 -0.13035 -0.25619 -0.37208 -0.47363 -0.55695 -0.61886 -0.65699 -0.66988 -0.65707 -0.61910 -0.55756 -0.47507 -0.37538 -0.26337 -0.14518 -0.02821 0.07895 0.16715 0.22731 0.25245 0.23858 0.18623 0.10422 0.00000
0.68684 0.66131 0.61214 0.54494 0.45980 0.35946 0.24691 0.12591 0.00070 -0.12416 -0.24406 -0.35447 -0.45121 -0.53059 -0.58957 -0.62590 -0.63819 -0.62598 -0.58982 -0.53120 -0.45266 -0.35777 -0.25123 -0.13894 -0.02804 0.07320 0.15604 0.21187 0.23437 0.22000 0.17063 0.09367 0.00000
0.64755 0.62339 0.57694 0.51355 0.43327 0.33870 0.23263 0.11863 0.00068 -0.11695 -0.22989 -0.33390 -0.42504 -0.49981 -0.55537 -0.58959 -0.60116 -0.58967 -0.55560 -0.50040 -0.42643 -0.33708 -0.23679 -0.13114 -0.02690 0.06811 0.14567 0.19768 0.21836 0.20445 0.15822 0.08630 0.00000
0.60202 0.57952 0.53632 0.47736 0.40272 0.31481 0.21622 0.11026 0.00064 -0.10869 -0.21365 -0.31032 -0.39501 -0.46450 -0.51614 -0.54794 -0.55870 -0.54802 -0.51636 -0.46505 -0.39632 -0.31329 -0.22012 -0.12199 -0.02520 0.06297 0.13487 0.18299 0.20202 0.18897 0.14614 0.07954 0.00000
0.55070 0.53010 0.49057 0.43663 0.36835 0.28794 0.19777 0.10085 0.00058 -0.09940 -0.19541 -0.28382 -0.36128 -0.42484 -0.47207 -0.50115 -0.51099 -0.50122 -0.47227 -0.42534 -0.36248 -0.28655 -0.20134 -0.11161 -0.02312 0.05747 0.12316 0.16709 0.18443 0.17246 0.13334 0.07252 0.00000
0.49407 0.47558 0.44011 0.39172 0.33046 0.25832 0.17742 0.09048 0.00052 -0.08918 -0.17530 -0.25462 -0.32411 -0.38113 -0.42350 -0.44959 -0.45842 -0.44965 -0.42368 -0.38158 -0.32519 -0.25707 -0.18064 -0.10015 -0.02077 0.05151 0.11042 0.14980 0.16533 0.15458 0.11951 0.06498 0.00000
0.43268 0.41649 0.38543 0.34305 0.28940 0.22622 0.15537 0.07923 0.00046 -0.07809 -0.15352 -0.22298 -0.28383 -0.33377 -0.37087 -0.39372 -0.40145 -0.39377 -0.37103 -0.33416 -0.28478 -0.22513 -0.15819 -0.08771 -0.01820 0.04509 0.09667 0.13115 0.14475 0.13533 0.10462 0.05688 0.00000
0.36712 0.35339 0.32703 0.29107 0.24555 0.19195 0.13183 0.06723 0.00039 -0.06626 -0.13026 -0.18919 -0.24083 -0.28320 -0.31468 -0.33407 -0.34062 -0.33411 -0.31481 -0.28353 -0.24163 -0.19102 -0.13422 -0.07442 -0.01545 0.03825 0.08201 0.11127 0.12280 0.11481 0.08876 0.04826 0.00000
0.29803 0.28688 0.26549 0.23629 0.19934 0.15582 0.10702 0.05458 0.00032 -0.05379 -0.10574 -0.15359 -0.19550 -0.22990 -0.25546 -0.27120 -0.27652 -0.27123 -0.25556 -0.23017 -0.19616 -0.15507 -0.10896 -0.06041 -0.01254 0.03105 0.06658 0.09032 0.09969 0.09320 0.07205 0.03917 0.00000
0.22607 0.21762 0.20138 0.17924 0.15121 0.11820 0.08118 0.04140 0.00024 -0.04080 -0.08021 -0.11650 -0.14830 -0.17439 -0.19378 -0.20572 -0.20975 -0.20574 -0.19386 -0.17460 -0.14879 -0.11763 -0.08265 -0.04583 -0.00951 0.02355 0.05050 0.06851 0.07562 0.07069 0.05465 0.02971 0.00000
0.15194 0.14625 0.13534 0.12046 0.10162 0.07944 0.05456 0.02782 0.00016 -0.02742 -0.05391 -0.07830 -0.09967 -0.11720 -0.13023 -0.13825 -0.14097 -0.13827 -0.13029 -0.11734 -0.10000 -0.07905 -0.05555 -0.03080 -0.00639 0.01583 0.03394 0.04605 0.05082 0.04751 0.03673 0.01997 0.00000
0.07634 0.07348 0.06800 0.06052 0.05106 0.03991 0.02741 0.01398 0.00008 -0.01378 -0.02708 -0.03934 -0.05007 -0.05888 -0.06543 -0.06946 -0.07083 -0.06947 -0.06546 -0.05895 -0.05024 -0.03972 -0.02791 -0.01547 -0.00321 0.00795 0.01705 0.02313 0.02553 0.02387 0.01845 0.01003 0.00000
0.00000 0.00000 0.00000 0.00000 0.00000 0.00000 0.00000 0.00000 0.00000 0.00000 0.00000 0.00000 0.00000 0.00000 0.00000 0.00000 0.00000 0.00000 0.00000 0.00000 0.00000 0.00000 0.00000 0.00000 0.00000 0.00000 0.00000 0.00000 0.00000 0.00000 0.00000 0.00000 0.00000

0.74082 0.72658 0.68443 0.61597 0.52384 0.41158 0.28350 0.14453 0.00000 -0.14453 -0.28350 -0.41158 -0.52384 -0.61597 -0.68443 -0.72658 -0.74082 -0.72658 -0.68443 -0.61597 -0.52384 -0.41158 -0.28350 -0.14453 -0.00000 0.14453 0.28350 0.41158 0.52384 0.61597 0.68443 0.72658 0.00000
0.73725 0.71518 0.66676 0.59650 0.50519 0.39592 0.27235 0.13893 0.00055 -0.13763 -0.27038 -0.39267 -0.49983 -0.58776 -0.65310 -0.69334 -0.70696 -0.69345 -0.65339 -0.58843 -0.50127 -0.39564 -0.27621 -0.14857 -0.01907 0.10526 0.21692 0.30813 0.37045 0.39641 0.36829 0.30524 0.00000
0.72658 0.70121 0.65053 0.58001 0.48996 0.38334 0.26347 0.13447 0.00095 -0.13222 -0.26008 -0.37782 -0.48097 -0.56560 -0.62849 -0.66723 -0.68036 -0.66742 -0.62901 -0.56678 -0.48349 -0.38298 -0.27015 -0.15098 -0.03239 0.07794 0.17192 0.24157 0.27929 0.28015 0.23498 0.15903 0.00000
0.70892 0.68255 0.63176 0.56229 0.47434 0.37077 0.25471 0.13006 0.00118 -0.12726 -0.25052 -0.36400 -0.46341 -0.54497 -0.60557 -0.64290 -0.65557 -0.64314 -0.60622 -0.54644 -0.46656 -0.37042 -0.26300 -0.15039 -0.03965 0.06140 0.14475 0.20287 0.22956 0.22176 0.17684 0.10549 0.00000
0.68443 0.65826 0.60865 0.54127 0.45629 0.35650 0.24484 0.12505 0.00129 -0.12202 -0.24033 -0.34923 -0.44461 -0.52287 -0.58102 -0.61685 -0.62901 -0.61711 -0.58173 -0.52448 -0.44804 -0.35619 -0.25382 -0.14693 -0.04250 0.05182 0.12835 0.18006 0.20178 0.19139 0.14944 0.08403 0.00000
0.65334 0.62807 0.58046 0.51600 0.43486 0.33967 0.23326 0.11915 0.00130 -0.11609 -0.22872 -0.33237 -0.42317 -0.49765 -0.55300 -0.58710 -0.59869 -0.58737 -0.55372 -0.49928 -0.42663 -0.33940 -0.24230 -0.14113 -0.04260 0.04597 0.11728 0.16478 0.18395 0.17314 0.13415 0.07375 0.00000
0.61597 0.59202 0.54703 0.48620 0.40968 0.31998 0.21972 0.11225 0.00126 -0.10929 -0.21533 -0.31293 -0.39842 -0.46855 -0.52066 -0.55277 -0.56368 -0.55303 -0.52136 -0.47013 -0.40177 -0.31973 -0.22847 -0.13347 -0.04107 0.04179 0.10829 0.15232 0.16982 0.15936 0.12315 0.06717 0.00000
0.57266 0.55035 0.50848 0.45191 0.38076 0.29737 0.20420 0.10432 0.00118 -0.10153 -0.20007 -0.29076 -0.37019 -0.43535 -0.48377 -0.51360 -0.52374 -0.51385 -0.48442 -0.43683 -0.37334 -0.29715 -0.21242 -0.12426 -0.03857 0.03821 0.09973 0.14037 0.15643 0.14663 0.11321 0.06159 0.00000
0.52384 0.50341 0.46510 0.41334 0.34825 0.27198 0.18676 0.09541 0.00109 -0.09285 -0.18296 -0.26590 -0.33854 -0.39813 -0.44241 -0.46969 -0.47896 -0.46992 -0.44301 -0.39950 -0.34144 -0.27178 -0.19432 -0.11374 -0.03544 0.03469 0.09085 0.12792 0.14253 0.13355 0.10308 0.05603 0.00000
0.46997 0.45163 0.41726 0.37082 0.31242 0.24400 0.16754 0.08560 0.00098 -0.08329 -0.16413 -0.23853 -0.30369 -0.35715 -0.39687 -0.42134 -0.42966 -0.42155 -0.39741 -0.35838 -0.30630 -0.24382 -0.17434 -0.10207 -0.03186 0.03102 0.08137 0.11458 0.12767 0.11960 0.09231 0.05016 0.00000
0.41158 0.39552 0.36541 0.32474 0.27360 0.21367 0.14672 0.07496 0.00086 -0.07294 -0.14373 -0.20888 -0.26594 -0.31276 -0.34754 -0.36898 -0.37626 -0.36915 -0.34802 -0.31384 -0.26823 -0.21352 -0.15268 -0.08940 -0.02792 0.02713 0.07120 0.10027 0.11173 0.10466 0.08077 0.04389 0.00000
0.34922 0.33559 0.31004 0.27553 0.23214 0.18130 0.12449 0.06360 0.00073 -0.06189 -0.12195 -0.17723 -0.22565 -0.26537 -0.29488 -0.31307 -0.31925 -0.31322 -0.29528 -0.26628 -0.22759 -0.18117 -0.12955 -0.07586 -0.02370 0.02300 0.06040 0.08506 0.09477 0.08878 0.06851 0.03722 0.00000
0.28350 0.27244 0.25170 0.22368 0.18846 0.14718 0.10106 0.05163 0.00059 -0.05024 -0.09900 -0.14388 -0.18318 -0.21542 -0.23938 -0.25415 -0.25916 -0.25427 -0.23971 -0.21617 -0.18476 -0.14707 -0.10517 -0.06159 -0.01924 0.01867 0.04902 0.06904 0.07693 0.07206 0.05561 0.03021 0.00000
0.21505 0.20666 0.19092 0.16967 0.14295 0.11164 0.07666 0.03917 0.00045 -0.03811 -0.07510 -0.10914 -0.13895 -0.16341 -0.18158 -0.19278 -0.19659 -0.19288 -0.18183 -0.16397 -0.14015 -0.11156 -0.07978 -0.04672 -0.01460 0.01416 0.03718 0.05237 0.05835 0.05466 0.04218 0.02292 0.00000
0.14453 0.13889 0.12831 0.11403 0.09607 0.07503 0.05152 0.02632 0.00030 -0.02561 -0.05047 -0.07335 -0.09338 -0.10982 -0.12204 -0.12956 -0.13212 -0.12963 -0.12220 -0.11020 -0.09419 -0.07498 -0.05362 -0.03140 -0.00981 0.00952 0.02499 0.03519 0.03921 0.03673 0.02835 0.01540 0.00000
0.07261 0.06978 0.06447 0.05729 0.04827 0.03770 0.02588 0.01322 0.00015 -0.01287 -0.02536 -0.03685 -0.04692 -0.05518 -0.06131 -0.06509 -0.06638 -0.06513 -0.06140 -0.05537 -0.04732 -0.03767 -0.02694 -0.01577 -0.00493 0.00478 0.01256 0.01768 0.01970 0.01846 0.01424 0.00774 0.00000
0.00000 0.00000 0.00000 0.00000 0.00000 0.00000 0.00000 0.00000 0.00000 0.00000 0.00000 0.00000 0.00000 0.00000 0.00000 0.00000 0.00000 0.00000 0.00000 0.00000 0.00000 0.00000 0.00000 0.00000 0.00000 0.00000 0.00000 0.00000 0.00000 0.00000 0.00000 0.00000 0.00000

0.70469 0.69115 0.65105 0.58593 0.49829 0.39150 0.26967 0.13748 0.00000 -0.13748 -0.26967 -0.39150 -0.49829 -0.58593 -0.65105 -0.69115 -0.70469 -0.69115 -0.65105 -0.58593 -0.49829 -0.39150 -0.26967 -0.13748 -0.00000 0.13748 0.26967 0.39150 0.49829 0.58593 0.65105 0.69115 0.00000
0.70129 0.68003 0.63374 0.56676 0.47987 0.37601 0.25867 0.13207 0.00082 -0.13017 -0.25600 -0.37188 -0.47341 -0.55672 -0.61863 -0.65678 -0.66973 -0.65703 -0.61926 -0.55803 -0.47598 -0.37669 -0.26466 -0.14519 -0.02421 0.09181 0.19607 0.28157 0.34066 0.36652 0.34231 0.28603 0.00000
0.69115 0.66652 0.61789 0.55055 0.46482 0.36355 0.24990 0.12776 0.00145 -0.12443 -0.24522 -0.35642 -0.45381 -0.53372 -0.59310 -0.62970 -0.64218 -0.63015 -0.59421 -0.53605 -0.45836 -0.36491 -0.26044 -0.15058 -0.04176 0.05914 0.14500 0.20898 0.24451 0.24745 0.20905 0.14347 0.00000
0.67434 0.64861 0.59976 0.53334 0.44959 0.35127 0.24135 0.12351 0.00184 -0.11930 -0.23548 -0.34238 -0.43600 -0.51279 -0.56986 -0.60506 -0.61710 -0.60563 -0.57129 -0.51576 -0.44178 -0.35313 -0.25464 -0.15205 -0.05186 0.03902 0.11373 0.16609 0.19102 0.18634 0.14951 0.09026 0.00000
0.65105 0.62543 0.57763 0.51316 0.43223 0.33752 0.23185 0.11873 0.00202 -0.11410 -0.22543 -0.32785 -0.41753 -0.49109 -0.54576 -0.57948 -0.59104 -0.58011 -0.54733 -0.49437 -0.42389 -0.33965 -0.24640 -0.14980 -0.05621 0.02766 0.09535 0.14127 0.16142 0.15460 0.12129 0.06868 0.00000
0.62148 0.59669 0.55078 0.48906 0.41177 0.32146 0.22080 0.11311 0.00206 -0.10840 -0.21428 -0.31168 -0.39695 -0.46689 -0.51887 -0.55094 -0.56194 -0.55158 -0.52048 -0.47024 -0.40344 -0.32369 -0.23559 -0.14458 -0.05677 0.02145 0.08402 0.12584 0.14356 0.13643 0.10613 0.05856 0.00000
0.58593 0.56241 0.51900 0.46075 0.38786 0.30276 0.20794 0.10654 0.00201 -0.10196 -0.20161 -0.29326 -0.37350 -0.43932 -0.48823 -0.51841 -0.52877 -0.51904 -0.48981 -0.44258 -0.37983 -0.30496 -0.22232 -0.13708 -0.05500 0.01792 0.07602 0.11460 0.13074 0.12388 0.09608 0.05253 0.00000
0.54473 0.52281 0.48240 0.42821 0.36044 0.28134 0.19323 0.09901 0.00190 -0.09469 -0.18725 -0.27238 -0.34692 -0.40805 -0.45349 -0.48152 -0.49115 -0.48212 -0.45498 -0.41114 -0.35290 -0.28343 -0.20679 -0.12779 -0.05179 0.01564 0.06928 0.10481 0.11961 0.11321 0.08773 0.04782 0.00000
0.49829 0.47821 0.44123 0.39165 0.32965 0.25730 0.17672 0.09056 0.00175 -0.08657 -0.17121 -0.24905 -0.31721 -0.37311 -0.41465 -0.44029 -0.44909 -0.44083 -0.41602 -0.37595 -0.32272 -0.25923 -0.18921 -0.11705 -0.04766 0.01388 0.06279 0.09516 0.10862 0.10278 0.07962 0.04335 0.00000
0.44705 0.42903 0.39584 0.35135 0.29573 0.23082 0.15853 0.08124 0.00158 -0.07765 -0.15357 -0.22340 -0.28453 -0.33468 -0.37194 -0.39494 -0.40284 -0.39543 -0.37318 -0.33724 -0.28949 -0.23256 -0.16977 -0.10508 -0.04287 0.01228 0.05610 0.08508 0.09714 0.09191 0.07119 0.03875 0.00000
0.39150 0.37572 0.34665 0.30769 0.25897 0.20213 0.13883 0.07114 0.00138 -0.06799 -0.13448 -0.19563 -0.24916 -0.29307 -0.32570 -0.34584 -0.35275 -0.34627 -0.32678 -0.29532 -0.25351 -0.20366 -0.14869 -0.09204 -0.03759 0.01068 0.04904 0.07440 0.08495 0.08037 0.06225 0.03388 0.00000
0.33219 0.31879 0.29413 0.26107 0.21973 0.17150 0.11779 0.06036 0.00117 -0.05769 -0.11410 -0.16598 -0.21140 -0.24866 -0.27634 -0.29343 -0.29930 -0.29380 -0.27726 -0.25056 -0.21510 -0.17280 -0.12616 -0.07811 -0.03191 0.00904 0.04157 0.06309 0.07204 0.06815 0.05279 0.02873 0.00000
0.26967 0.25880 0.23877 0.21193 0.17838 0.13923 0.09562 0.04900 0.00095 -0.04683 -0.09262 -0.13474 -0.17161 -0.20186 -0.22433 -0.23820 -0.24297 -0.23850 -0.22508 -0.20341 -0.17461 -0.14028 -0.10242 -0.06341 -0.02591 0.00733 0.03374 0.05120 0.05846 0.05531 0.04284 0.02331 0.00000
0.20456 0.19631 0.18112 0.16076 0.13531 0.10561 0.07253 0.03717 0.00072 -0.03552 -0.07026 -0.10221 -0.13018 -0.15312 -0.17017 -0.18069 -0.18430 -0.18091 -0.17073 -0.15429 -0.13245 -0.10641 -0.07769 -0.04810 -0.01966 0.00556 0.02559 0.03883 0.04434 0.04195 0.03249 0.01768 0.00000
0.13748 0.13193 0.12173 0.10804 0.09094 0.07098 0.04875 0.02498 0.00049 -0.02387 -0.04722 -0.06869 -0.08749 -0.10290 -0.11436 -0.12143 -0.12386 -0.12159 -0.11474 -0.10370 -0.08902 -0.07152 -0.05221 -0.03233 -0.01321 0.00373 0.01720 0.02610 0.02980 0.02819 0.02184 0.01188 0.00000
0.06907 0.06629 0.06116 0.05428 0.04569 0.03566 0.02449 0.01255 0.00024 -0.01199 -0.02372 -0.03451 -0.04396 -0.05170 -0.05746 -0.06101 -0.06223 -0.06109 -0.05765 -0.05210 -0.04472 -0.03593 -0.02623 -0.01624 -0.00664 0.00188 0.00864 0.01311 0.01497 0.01416 0.01097 0.00597 0.00000
0.00000 0.00000 0.00000 0.00000 0.00000 0.00000 0.00000 0.00000 0.00000 0.00000 0.00000 0.00000 0.00000 0.00000 0.00000 0.00000 0.00000 0.00000 0.00000 0.00000 0.00000 0.00000 0.00000 0.00000 0.00000 0.00000 0.00000 0.00000 0.00000 0.00000 0.00000 0.00000 0.00000

0.67032 0.65744 0.61929 0.55735 0.47399 0.37241 0.25652 0.13077 0.00000 -0.13077 -0.25652 -0.37241 -0.47399 -0.55735 -0.61929 -0.65744 -0.67032 -0.65744 -0.61929 -0.55735 -0.47399 -0.37241 -0.25652 -0.13077 -0.00000 0.13077 0.25652 0.37241 0.47399 0.55735 0.61929 0.65744 0.00000
0.66709 0.64667 0.60248 0.53867 0.45600 0.35728 0.24584 0.12566 0.00113 -0.12312 -0.24243 -0.35229 -0.44854 -0.52751 -0.58621 -0.62240 -0.63475 -0.62286 -0.58730 -0.52965 -0.45245 -0.35913 -0.25396 -0.14193 -0.02857 0.08016 0.17803 0.25867 0.31500 0.34068 0.31966 0.26889 0.00000
0.65744 0.63366 0.58710 0.52286 0.44129 0.34510 0.23730 0.12158 0.00202 -0.11706 -0.23127 -0.33636 -0.42840 -0.50390 -0.56003 -0.59468 -0.60662 -0.59551 -0.56200 -0.50776 -0.43541 -0.34858 -0.25176 -0.15023 -0.04986 0.04312 0.12241 0.18200 0.21601 0.22080 0.18796 0.13064 0.00000
0.64146 0.61651 0.56965 0.50623 0.42652 0.33319 0.22904 0.11756 0.00260 -0.11176 -0.22136 -0.32215 -0.41040 -0.48278 -0.53660 -0.56986 -0.58139 -0.57093 -0.53916 -0.48776 -0.41943 -0.33782 -0.24750 -0.15382 -0.06266 0.01987 0.08780 0.13593 0.15993 0.15809 0.12790 0.07820 0.00000
0.61929 0.59440 0.54848 0.48688 0.40985 0.31997 0.21993 0.11302 0.00289 -0.10658 -0.21144 -0.30785 -0.39223 -0.46145 -0.51291 -0.54474 -0.55582 -0.54593 -0.51577 -0.46700 -0.40229 -0.32524 -0.24036 -0.15289 -0.06856 0.00677 0.06761 0.10938 0.12888 0.12535 0.09915 0.05666 0.00000
0.59117 0.56703 0.52289 0.46390 0.39033 0.30465 0.20938 0.10768 0.00297 -0.10106 -0.20069 -0.29227 -0.37242 -0.43816 -0.48705 -0.51729 -0.52785 -0.51853 -0.49000 -0.44389 -0.38277 -0.31013 -0.23031 -0.14835 -0.06972 0.00004 0.05586 0.09366 0.11086 0.10716 0.08405 0.04667 0.00000
0.55735 0.53443 0.49267 0.43698 0.36760 0.28686 0.19716 0.10143 0.00291 -0.09496 -0.18866 -0.27479 -0.35017 -0.41199 -0.45796 -0.48641 -0.49636 -0.48762 -0.46086 -0.41761 -0.36031 -0.29227 -0.21761 -0.14109 -0.06785 -0.00308 0.04853 0.08327 0.09896 0.09548 0.07469 0.04104 0.00000
0.51816 0.49678 0.45790 0.40609 0.34158 0.26654 0.18319 0.09426 0.00276 -0.08813 -0.17514 -0.25512 -0.32511 -0.38251 -0.42520 -0.45162 -0.46087 -0.45277 -0.42796 -0.38785 -0.33473 -0.27169 -0.20255 -0.13175 -0.06407 -0.00431 0.04323 0.07515 0.08956 0.08638 0.06753 0.03697 0.00000
0.47399 0.45440 0.41881 0.37139 0.31238 0.24375 0.16753 0.08621 0.00255 -0.08055 -0.16010 -0.23322 -0.29720 -0.34968 -0.38871 -0.41286 -0.42131 -0.41392 -0.39125 -0.35461 -0.30609 -0.24851 -0.18539 -0.12078 -0.05906 -0.00458 0.03872 0.06777 0.08089 0.07802 0.06098 0.03335 0.00000
0.42525 0.40766 0.37572 0.33317 0.28023 0.21866 0.15028 0.07734 0.00230 -0.07223 -0.14359 -0.20917 -0.26656 -0.31363 -0.34863 -0.37029 -0.37788 -0.37125 -0.35093 -0.31807 -0.27457 -0.22296 -0.16638 -0.10848 -0.05317 -0.00438 0.03439 0.06040 0.07214 0.06959 0.05439 0.02973 0.00000
0.37241 0.35700 0.32903 0.29177 0.24540 0.19148 0.13160 0.06773 0.00202 -0.06325 -0.12573 -0.18315 -0.23340 -0.27462 -0.30527 -0.32424 -0.33088 -0.32508 -0.30729 -0.27852 -0.24044 -0.19525 -0.14573 -0.09505 -0.04664 -0.00394 0.02998 0.05273 0.06301 0.06078 0.04751 0.02597 0.00000
0.31599 0.30291 0.27917 0.24756 0.20821 0.16246 0.11166 0.05747 0.00171 -0.05366 -0.10667 -0.15539 -0.19803 -0.23300 -0.25900 -0.27510 -0.28073 -0.27581 -0.26071 -0.23631 -0.20400 -0.16567 -0.12366 -0.08067 -0.03961 -0.00339 0.02538 0.04468 0.05340 0.05151 0.04027 0.02201 0.00000
0.25652 0.24590 0.22663 0.20097 0.16903 0.13189 0.09065 0.04665 0.00139 -0.04356 -0.08659 -0.12615 -0.16076 -0.18914 -0.21025 -0.22332 -0.22790 -0.22390 -0.21164 -0.19184 -0.16561 -0.13449 -0.10039 -0.06549 -0.03217 -0.00277 0.02059 0.03625 0.04332 0.04180 0.03267 0.01786 0.00000
0.19458 0.18653 0.17191 0.15244 0.12821 0.10004 0.06876 0.03539 0.00106 -0.03304 -0.06569 -0.09569 -0.12194 -0.14347 -0.15949 -0.16940 -0.17287 -0.16984 -0.16054 -0.14552 -0.12562 -0.10202 -0.07615 -0.04968 -0.02440 -0.00210 0.01561 0.02749 0.03285 0.03170 0.02478 0.01354 0.00000
0.13077 0.12536 0.11554 0.10245 0.08617 0.06724 0.04621 0.02378 0.00071 -0.02221 -0.04414 -0.06431 -0.08195 -0.09642 -0.10718 -0.11384 -0.11618 -0.11414 -0.10789 -0.09780 -0.08443 -0.06856 -0.05118 -0.03339 -0.01640 -0.00142 0.01049 0.01847 0.02208 0.02130 0.01665 0.00910 0.00000
0.06570 0.06298 0.05805 0.05147 0.04329 0.03378 0.02322 0.01195 0.00036 -0.01116 -0.02218 -0.03231 -0.04117 -0.04844 -0.05385 -0.05720 -0.05837 -0.05735 -0.05421 -0.04913 -0.04242 -0.03445 -0.02571 -0.01678 -0.00824 -0.00071 0.00527 0.00928 0.01109 0.01070 0.00836 0.00457 0.00000
0.00000 0.00000 0.00000 0.00000 0.00000 0.00000 0.00000 0.00000 0.00000 0.00000 0.00000 0.00000 0.00000 0.00000 0.00000 0.00000 0.00000 0.00000 0.00000 0.00000 0.00000 0.00000 0.00000 0.00000 0.00000 0.00000 0.00000 0.00000 0.00000 0.00000 0.00000 0.00000 0.00000

0.63763 0.62538 0.58909 0.53017 0.45087 0.35425 0.24401 0.12440 0.00000 -0.12440 -0.24401 -0.35425 -0.45087 -0.53017 -0.58909 -0.62538 -0.63763 -0.62538 -0.58909 -0.53017 -0.45087 -0.35425 -0.24401 -0.12440 -0.00000 0.12440 0.24401 0.35425 0.45087 0.53017 0.58909 0.62538 0.00000
0.63456 0.61499 0.57285 0.51209 0.43344 0.33961 0.23375 0.11965 0.00146 -0.11643 -0.22961 -0.33380 -0.42508 -0.49999 -0.55567 -0.59005 -0.60187 -0.59077 -0.55734 -0.50309 -0.43045 -0.34271 -0.24388 -0.13864 -0.03215 0.07009 0.16231 0.23864 0.29248 0.31788 0.29950 0.25335 0.00000
0.62538 0.60250 0.55801 0.49678 0.41919 0.32782 0.22555 0.11587 0.00263 -0.11008 -0.21814 -0.31754 -0.40458 -0.47598 -0.52910 -0.56197 -0.57346 -0.56329 -0.53214 -0.48163 -0.41430 -0.33359 -0.24374 -0.14962 -0.05662 0.02962 0.10343 0.15941 0.19225 0.19858 0.17034 0.11978 0.00000
0.61017 0.58610 0.54126 0.48077 0.40495 0.31634 0.21763 0.11212 0.00342 -0.10462 -0.20809 -0.30321 -0.38647 -0.45477 -0.50560 -0.53711 -0.54825 -0.53884 -0.50958 -0.46214 -0.39912 -0.32401 -0.24108 -0.15525 -0.07183 0.00372 0.06619 0.11105 0.13452 0.13514 0.11041 0.06841 0.00000
0.58909 0.56502 0.52102 0.46224 0.38897 0.30368 0.20893 0.10784 0.00384 -0.09943 -0.19828 -0.28911 -0.36859 -0.43379 -0.48233 -0.51246 -0.52320 -0.51441 -0.48683 -0.44211 -0.38283 -0.31243 -0.23511 -0.15567 -0.07925 -0.01097 0.04443 0.08310 0.10239 0.10175 0.08141 0.04704 0.00000
0.56234 0.53896 0.49664 0.44034 0.37035 0.28906 0.19889 0.10278 0.00398 -0.09407 -0.18789 -0.27408 -0.34949 -0.41135 -0.45741 -0.48602 -0.49628 -0.48806 -0.46209 -0.41999 -0.36426 -0.29821 -0.22589 -0.15189 -0.08110 -0.01830 0.03220 0.06703 0.08417 0.08351 0.06636 0.03717 0.00000
0.53017 0.50795 0.46790 0.41472 0.34873 0.27215 0.18726 0.09684 0.00392 -0.08826 -0.17645 -0.25745 -0.32832 -0.38646 -0.42974 -0.45665 -0.46632 -0.45866 -0.43437 -0.39499 -0.34288 -0.28120 -0.21378 -0.14494 -0.07926 -0.02120 0.02529 0.05722 0.07293 0.07246 0.05750 0.03184 0.00000
0.49289 0.47216 0.43485 0.38538 0.32401 0.25284 0.17398 0.09001 0.00373 -0.08185 -0.16371 -0.23890 -0.30468 -0.35864 -0.39882 -0.42380 -0.43279 -0.42571 -0.40322 -0.36676 -0.31853 -0.26148 -0.19917 -0.13562 -0.07506 -0.02161 0.02111 0.05042 0.06486 0.06457 0.05124 0.02827 0.00000
0.45087 0.43187 0.39772 0.35244 0.29630 0.23121 0.15910 0.08233 0.00346 -0.07477 -0.14960 -0.21832 -0.27844 -0.32776 -0.36449 -0.38732 -0.39555 -0.38910 -0.36857 -0.33529 -0.29127 -0.23922 -0.18239 -0.12446 -0.06930 -0.02064 0.01823 0.04487 0.05803 0.05784 0.04593 0.02530 0.00000
0.40451 0.38744 0.35679 0.31616 0.26580 0.20741 0.14272 0.07386 0.00312 -0.06704 -0.13415 -0.19578 -0.24970 -0.29393 -0.32686 -0.34734 -0.35473 -0.34895 -0.33055 -0.30072 -0.26128 -0.21464 -0.16373 -0.11185 -0.06245 -0.01891 0.01588 0.03972 0.05151 0.05138 0.04081 0.02248 0.00000
0.35425 0.33930 0.31245 0.27687 0.23276 0.18162 0.12498 0.06468 0.00274 -0.05869 -0.11745 -0.17142 -0.21862 -0.25735 -0.28619 -0.30412 -0.31059 -0.30553 -0.28943 -0.26332 -0.22880 -0.18798 -0.14342 -0.09803 -0.05481 -0.01672 0.01370 0.03456 0.04488 0.04479 0.03558 0.01959 0.00000
0.30058 0.28789 0.26511 0.23491 0.19749 0.15410 0.10604 0.05488 0.00233 -0.04979 -0.09964 -0.14543 -0.18548 -0.21834 -0.24280 -0.25802 -0.26351 -0.25922 -0.24556 -0.22341 -0.19413 -0.15950 -0.12171 -0.08321 -0.04656 -0.01425 0.01155 0.02923 0.03799 0.03792 0.03012 0.01659 0.00000
0.24401 0.23371 0.21521 0.19070 0.16032 0.12510 0.08608 0.04455 0.00189 -0.04042 -0.08089 -0.11805 -0.15057 -0.17724 -0.19710 -0.20945 -0.21391 -0.21043 -0.19934 -0.18136 -0.15759 -0.12949 -0.09881 -0.06756 -0.03782 -0.01160 0.00934 0.02370 0.03080 0.03075 0.02443 0.01345 0.00000
0.18509 0.17728 0.16325 0.14466 0.12161 0.09489 0.06530 0.03380 0.00144 -0.03066 -0.06136 -0.08955 -0.11421 -0.13444 -0.14951 -0.15888 -0.16226 -0.15961 -0.15121 -0.13757 -0.11954 -0.09822 -0.07496 -0.05125 -0.02869 -0.00881 0.00708 0.01796 0.02335 0.02331 0.01852 0.01020 0.00000
0.12440 0.11914 0.10971 0.09722 0.08173 0.06377 0.04389 0.02271 0.00097 -0.02060 -0.04123 -0.06018 -0.07676 -0.09035 -0.10048 -0.10677 -0.10904 -0.10727 -0.10162 -0.09245 -0.08034 -0.06601 -0.05038 -0.03445 -0.01929 -0.00592 0.00475 0.01207 0.01569 0.01567 0.01245 0.00685 0.00000
0.06250 0.05986 0.05512 0.04884 0.04106 0.03204 0.02205 0.01141 0.00049 -0.01035 -0.02072 -0.03024 -0.03856 -0.04539 -0.05048 -0.05364 -0.05479 -0.05389 -0.05106 -0.04645 -0.04036 -0.03317 -0.02531 -0.01731 -0.00969 -0.00298 0.00239 0.00606 0.00788 0.00787 0.00625 0.00344 0.00000
0.00000 0.00000 0.00000 0.00000 0.00000 0.00000 0.00000 0.00000 0.00000 0.00000 0.00000 0.00000 0.00000 0.00000 0.00000 0.00000 0.00000 0.00000 0.00000 0.00000 0.00000 0.00000 0.00000 0.00000 0.00000 0.00000 0.00000 0.00000 0.00000 0.00000 0.00000 0.00000 0.00000

0.60653 0.59488 0.56036 0.50431 0.42888 0.33697 0.23211 0.11833 0.00000 -0.11833 -0.23211 -0.33697 -0.42888 -0.50431 -0.56036 -0.59488 -0.60653 -0.59488 -0.56036 -0.50431 -0.42888 -0.33697 -0.23211 -0.11833 -0.00000 0.11833 0.23211 0.33697 0.42888 0.50431 0.56036 0.59488 0.00000
0.60361 0.58490 0.54474 0.48690 0.41211 0.32292 0.22235 0.11399 0.00179 -0.11009 -0.21749 -0.31635 -0.40295 -0.47403 -0.52689 -0.55958 -0.57093 -0.56061 -0.52920 -0.47816 -0.40981 -0.32725 -0.23427 -0.13524 -0.03499 0.06137 0.14851 0.22093 0.27246 0.29746 0.28130 0.23910 0.00000
0.59488 0.57294 0.53048 0.47217 0.39838 0.31160 0.21455 0.11056 0.00326 -0.10348 -0.20578 -0.29986 -0.38222 -0.44982 -0.50015 -0.53140 -0.54251 -0.53328 -0.50439 -0.45740 -0.39475 -0.31966 -0.23611 -0.14860 -0.06209 0.01830 0.08740 0.14031 0.17214 0.17973 0.15533 0.11040 0.00000
0.58041 0.55728 0.51443 0.45680 0.38471 0.30060 0.20702 0.10711 0.00428 -0.09785 -0.19561 -0.28545 -0.36408 -0.42861 -0.47669 -0.50664 -0.51749 -0.50913 -0.48230 -0.43860 -0.38052 -0.31135 -0.23504 -0.15612 -0.07940 -0.00975 0.04819 0.09040 0.11351 0.11621 0.09601 0.06031 0.00000
0.56036 0.53719 0.49512 0.43909 0.36942 0.28850 0.19874 0.10312 0.00484 -0.09265 -0.18590 -0.27155 -0.34650 -0.40800 -0.45386 -0.48248 -0.49300 -0.48533 -0.46025 -0.41937 -0.36514 -0.30082 -0.23027 -0.15787 -0.08822 -0.02585 0.02512 0.06138 0.08063 0.08247 0.06697 0.03921 0.00000
0.53491 0.51238 0.47189 0.41821 0.35168 0.27457 0.18919 0.09834 0.00506 -0.08742 -0.17584 -0.25703 -0.32805 -0.38635 -0.42983 -0.45700 -0.46707 -0.45999 -0.43652 -0.39824 -0.34753 -0.28751 -0.22191 -0.15489 -0.09079 -0.03379 0.01240 0.04497 0.06224 0.06421 0.05199 0.02948 0.00000
0.50431 0.48288 0.44455 0.39385 0.33110 0.25848 0.17813 0.09269 0.00501 -0.08188 -0.16494 -0.24119 -0.30789 -0.36263 -0.40347 -0.42902 -0.43854 -0.43200 -0.41013 -0.37443 -0.32719 -0.27134 -0.21041 -0.14832 -0.08910 -0.03663 0.00575 0.03556 0.05147 0.05364 0.04352 0.02438 0.00000
0.46885 0.44884 0.41313 0.36595 0.30762 0.24013 0.16550 0.08617 0.00479 -0.07585 -0.15292 -0.22366 -0.28555 -0.33634 -0.37423 -0.39795 -0.40682 -0.40080 -0.38060 -0.34762 -0.30398 -0.25244 -0.19626 -0.13907 -0.08461 -0.03642 0.00244 0.02976 0.04444 0.04668 0.03797 0.02120 0.00000
0.42888 0.41054 0.37784 0.33466 0.28130 0.21958 0.15135 0.07883 0.00445 -0.06925 -0.13968 -0.20432 -0.26087 -0.30728 -0.34191 -0.36360 -0.37171 -0.36624 -0.34783 -0.31776 -0.27798 -0.23101 -0.17984 -0.12779 -0.07825 -0.03445 0.00086 0.02570 0.03909 0.04126 0.03363 0.01876 0.00000
0.38478 0.36830 0.33895 0.30021 0.25233 0.19697 0.13577 0.07073 0.00402 -0.06207 -0.12522 -0.18319 -0.23389 -0.27551 -0.30656 -0.32601 -0.33329 -0.32840 -0.31191 -0.28499 -0.24936 -0.20731 -0.16150 -0.11491 -0.07059 -0.03142 0.00016 0.02237 0.03438 0.03639 0.02969 0.01656 0.00000
0.33697 0.32253 0.29683 0.26289 0.22096 0.17248 0.11889 0.06194 0.00353 -0.05433 -0.10962 -0.16037 -0.20476 -0.24120 -0.26839 -0.28542 -0.29180 -0.28752 -0.27310 -0.24954 -0.21837 -0.18157 -0.14150 -0.10076 -0.06200 -0.02774 -0.00013 0.01929 0.02981 0.03160 0.02580 0.01439 0.00000
0.28592 0.27366 0.25185 0.22305 0.18748 0.14634 0.10087 0.05256 0.00300 -0.04609 -0.09299 -0.13605 -0.17371 -0.20462 -0.22769 -0.24214 -0.24755 -0.24393 -0.23169 -0.21171 -0.18528 -0.15407 -0.12009 -0.08554 -0.05268 -0.02363 -0.00023 0.01625 0.02517 0.02670 0.02181 0.01216 0.00000
0.23211 0.22216 0.20445 0.18107 0.15219 0.11880 0.08189 0.04267 0.00244 -0.03741 -0.07549 -0.11044 -0.14101 -0.16610 -0.18483 -0.19655 -0.20095 -0.19801 -0.18808 -0.17186 -0.15041 -0.12508 -0.09750 -0.06946 -0.04279 -0.01922 -0.00023 0.01314 0.02039 0.02164 0.01767 0.00986 0.00000
0.17607 0.16852 0.15509 0.13735 0.11544 0.09011 0.06212 0.03237 0.00185 -0.02837 -0.05726 -0.08377 -0.10696 -0.12599 -0.14019 -0.14909 -0.15243 -0.15020 -0.14266 -0.13036 -0.11409 -0.09488 -0.07397 -0.05270 -0.03247 -0.01460 -0.00019 0.00995 0.01545 0.01640 0.01339 0.00747 0.00000
0.11833 0.11326 0.10423 0.09231 0.07759 0.06056 0.04175 0.02175 0.00125 -0.01907 -0.03848 -0.05630 -0.07188 -0.08467 -0.09422 -0.10020 -0.10244 -0.10094 -0.09588 -0.08761 -0.07668 -0.06377 -0.04971 -0.03542 -0.02183 -0.00981 -0.00013 0.00668 0.01038 0.01101 0.00900 0.00502 0.00000
0.05945 0.05690 0.05237 0.04638 0.03898 0.03043 0.02097 0.01093 0.00063 -0.00958 -0.01933 -0.02828 -0.03611 -0.04254 -0.04734 -0.05034 -0.05147 -0.05071 -0.04817 -0.04402 -0.03852 -0.03204 -0.02498 -0.01780 -0.01097 -0.00493 -0.00007 0.00336 0.00521 0.00553 0.00452 0.00252 0.00000
0.00000 0.00000 0.00000 0.00000 0.00000 0.00000 0.00000 0.00000 0.00000 0.00000 0.00000 0.00000 0.00000 0.00000 0.00000 0.00000 0.00000 0.00000 0.00000 0.00000 0.00000 0.00000 0.00000 0.00000 0.00000 0.00000 0.00000 0.00000 0.00000 0.00000 0.00000 0.00000 0.00000

