0.97531 0.95657 0.90107 0.81094 0.68965 0.54185 0.37323 0.19027 0.00000 -0.19027 -0.37323 -0.54185 -0.68965 -0.81094 -0.90107 -0.95657 -0.97531 -0.95657 -0.90107 -0.81094 -0.68965 -0.54185 -0.37323 -0.19027 -0.00000 0.19027 0.37323 0.54185 0.68965 0.81094 0.90107 0.95657 0.00000
0.97061 0.94183 0.88456 0.79541 0.67627 0.53130 0.36596 0.18656 0.00000 -0.18656 -0.36595 -0.53128 -0.67619 -0.79512 -0.88349 -0.93791 -0.95628 -0.93791 -0.88349 -0.79512 -0.67619 -0.53128 -0.36596 -0.18657 -0.00003 0.18645 0.36555 0.52981 0.67083 0.77552 0.81187 0.67620 0.00000
0.95657 0.92820 0.87176 0.78390 0.66649 0.52362 0.36066 0.18386 0.00000 -0.18386 -0.36066 -0.52359 -0.66641 -0.78361 -0.87070 -0.92434 -0.94244 -0.92434 -0.87070 -0.78361 -0.66641 -0.52359 -0.36066 -0.18387 -0.00003 0.18375 0.36026 0.52215 0.66112 0.76430 0.80012 0.66641 0.00000
0.93331 0.90563 0.85057 0.76484 0.65028 0.51089 0.35190 0.17939 0.00000 -0.17939 -0.35189 -0.51086 -0.65021 -0.76456 -0.84954 -0.90186 -0.91953 -0.90186 -0.84954 -0.76456 -0.65021 -0.51086 -0.35189 -0.17940 -0.00003 0.17929 0.35150 0.50945 0.64505 0.74571 0.78067 0.65021 0.00000
0.90107 0.87435 0.82118 0.73842 0.62782 0.49324 0.33974 0.17320 0.00000 -0.17319 -0.33973 -0.49321 -0.62774 -0.73815 -0.82019 -0.87070 -0.88776 -0.87070 -0.82019 -0.73815 -0.62774 -0.49322 -0.33973 -0.17320 -0.00003 0.17309 0.33936 0.49185 0.62276 0.71995 0.75369 0.62775 0.00000
0.86015 0.83464 0.78389 0.70489 0.59931 0.47083 0.32431 0.16533 0.00000 -0.16533 -0.32430 -0.47082 -0.59923 -0.70462 -0.78294 -0.83116 -0.84744 -0.83116 -0.78294 -0.70462 -0.59923 -0.47082 -0.32431 -0.16534 -0.00003 0.16523 0.32395 0.46951 0.59448 0.68725 0.71947 0.59924 0.00000
0.81094 0.78689 0.73904 0.66456 0.56502 0.44390 0.30576 0.15587 0.00000 -0.15587 -0.30575 -0.44388 -0.56495 -0.66432 -0.73815 -0.78361 -0.79897 -0.78361 -0.73815 -0.66432 -0.56495 -0.44388 -0.30575 -0.15588 -0.00003 0.15578 0.30542 0.44265 0.56047 0.64794 0.67831 0.56496 0.00000
0.75392 0.73157 0.68708 0.61784 0.52530 0.41269 0.28426 0.14491 0.00000 -0.14491 -0.28425 -0.41267 -0.52523 -0.61761 -0.68625 -0.72852 -0.74279 -0.72852 -0.68625 -0.61761 -0.52523 -0.41267 -0.28426 -0.14492 -0.00002 0.14483 0.28394 0.41153 0.52107 0.60238 0.63062 0.52524 0.00000
0.68965 0.66920 0.62851 0.56516 0.48051 0.37751 0.26002 0.13256 0.00000 -0.13256 -0.26002 -0.37749 -0.48045 -0.56495 -0.62774 -0.66641 -0.67946 -0.66641 -0.62774 -0.56495 -0.48045 -0.37749 -0.26002 -0.13256 -0.00002 0.13248 0.25973 0.37645 0.47664 0.55103 0.57685 0.48046 0.00000
0.61873 0.60038 0.56388 0.50705 0.43110 0.33869 0.23329 0.11893 0.00000 -0.11893 -0.23328 -0.33867 -0.43105 -0.50686 -0.56319 -0.59788 -0.60959 -0.59788 -0.56319 -0.50686 -0.43105 -0.33867 -0.23328 -0.11893 -0.00002 0.11886 0.23303 0.33774 0.42763 0.49436 0.51753 0.43105 0.00000
0.54185 0.52578 0.49381 0.44405 0.37754 0.29660 0.20430 0.10415 0.00000 -0.10415 -0.20430 -0.29659 -0.37749 -0.44388 -0.49321 -0.52359 -0.53385 -0.52359 -0.49321 -0.44388 -0.37749 -0.29659 -0.20430 -0.10415 -0.00002 0.10409 0.20407 0.29577 0.37450 0.43294 0.45323 0.37749 0.00000
0.45976 0.44612 0.41900 0.37677 0.32034 0.25167 0.17335 0.08837 0.00000 -0.08837 -0.17334 -0.25166 -0.32030 -0.37663 -0.41849 -0.44427 -0.45297 -0.44427 -0.41849 -0.37663 -0.32030 -0.25166 -0.17334 -0.08837 -0.00001 0.08832 0.17315 0.25096 0.31776 0.36735 0.38456 0.32030 0.00000
0.37323 0.36217 0.34014 0.30586 0.26005 0.20430 0.14072 0.07174 0.00000 -0.07174 -0.14072 -0.20430 -0.26002 -0.30575 -0.33973 -0.36066 -0.36772 -0.36066 -0.33973 -0.30575 -0.26002 -0.20430 -0.14072 -0.07174 -0.00001 0.07170 0.14057 0.20373 0.25796 0.29821 0.31219 0.26002 0.00000
0.28312 0.27472 0.25802 0.23201 0.19726 0.15498 0.10675 0.05442 0.00000 -0.05442 -0.10674 -0.15497 -0.19724 -0.23193 -0.25770 -0.27358 -0.27894 -0.27358 -0.25770 -0.23193 -0.19724 -0.15497 -0.10675 -0.05442 -0.00001 0.05439 0.10663 0.15454 0.19567 0.22621 0.23681 0.19724 0.00000
0.19027 0.18463 0.17340 0.15593 0.13257 0.10415 0.07174 0.03657 0.00000 -0.03657 -0.07174 -0.10415 -0.13256 -0.15587 -0.17319 -0.18386 -0.18746 -0.18386 -0.17319 -0.15587 -0.13256 -0.10415 -0.07174 -0.03657 -0.00001 0.03655 0.07166 0.10386 0.13151 0.15203 0.15915 0.13256 0.00000
0.09560 0.09276 0.08712 0.07834 0.06661 0.05233 0.03604 0.01837 0.00000 -0.01837 -0.03604 -0.05233 -0.06660 -0.07831 -0.08702 -0.09238 -0.09419 -0.09238 -0.08702 -0.07831 -0.06660 -0.05233 -0.03604 -0.01838 -0.00000 0.01836 0.03600 0.05218 0.06607 0.07638 0.07996 0.06660 0.00000
0.00000 0.00000 0.00000 0.00000 0.00000 0.00000 0.00000 0.00000 0.00000 0.00000 0.00000 0.00000 0.00000 0.00000 0.00000 0.00000 0.00000 0.00000 0.00000 0.00000 0.00000 0.00000 0.00000 0.00000 0.00000 0.00000 0.00000 0.00000 0.00000 0.00000 0.00000 0.00000 0.00000

0.92774 0.90992 0.85712 0.77139 0.65601 0.51543 0.35503 0.18099 0.00000 -0.18099 -0.35503 -0.51543 -0.65601 -0.77139 -0.85712 -0.90992 -0.92774 -0.90992 -0.85712 -0.77139 -0.65601 -0.51543 -0.35503 -0.18099 -0.00000 0.18099 0.35503 0.51543 0.65601 0.77139 0.85712 0.90992 0.00000
0.92328 0.89254 0.83584 0.74989 0.63687 0.50012 0.34441 0.17557 0.00001 -0.17555 -0.34435 -0.49992 -0.63627 -0.74818 -0.83133 -0.88254 -0.89983 -0.88254 -0.83133 -0.74818 -0.63628 -0.49993 -0.34439 -0.17567 -0.00041 0.17423 0.34019 0.48714 0.59840 0.64206 0.56142 0.32694 0.00000
0.90992 0.87873 0.82223 0.73723 0.62593 0.49146 0.33843 0.17252 0.00001 -0.17249 -0.33835 -0.49121 -0.62519 -0.73515 -0.81685 -0.86717 -0.88415 -0.86717 -0.81685 -0.73515 -0.62520 -0.49122 -0.33840 -0.17264 -0.00050 0.17089 0.33334 0.47593 0.58046 0.61218 0.51551 0.30676 0.00000
0.88780 0.85712 0.80184 0.71881 0.61024 0.47912 0.32993 0.16818 0.00001 -0.16815 -0.32985 -0.47887 -0.60949 -0.71668 -0.79633 -0.84538 -0.86194 -0.84538 -0.79633 -0.71668 -0.60949 -0.47888 -0.32990 -0.16831 -0.00051 0.16652 0.32472 0.46324 0.56384 0.59174 0.49278 0.29514 0.00000
0.85712 0.82744 0.77402 0.69385 0.58903 0.46247 0.31846 0.16234 0.00001 -0.16231 -0.31838 -0.46222 -0.58829 -0.69176 -0.76864 -0.81599 -0.83197 -0.81599 -0.76864 -0.69176 -0.58830 -0.46223 -0.31843 -0.16246 -0.00050 0.16070 0.31336 0.44694 0.54368 0.56980 0.47300 0.28382 0.00000
0.81820 0.78984 0.73884 0.66230 0.56225 0.44144 0.30398 0.15495 0.00001 -0.15493 -0.30390 -0.44120 -0.56154 -0.66030 -0.73369 -0.77888 -0.79414 -0.77888 -0.73369 -0.66030 -0.56154 -0.44121 -0.30395 -0.15508 -0.00048 0.15339 0.29909 0.42656 0.51881 0.54352 0.45078 0.27062 0.00000
0.77139 0.74465 0.69657 0.62440 0.53007 0.41618 0.28658 0.14609 0.00001 -0.14606 -0.28651 -0.41595 -0.52941 -0.62251 -0.69170 -0.73431 -0.74869 -0.73431 -0.69170 -0.62252 -0.52941 -0.41596 -0.28655 -0.14620 -0.00045 0.14461 0.28197 0.40213 0.48908 0.51232 0.42479 0.25506 0.00000
0.71716 0.69230 0.64759 0.58050 0.49280 0.38691 0.26643 0.13581 0.00001 -0.13579 -0.26637 -0.38670 -0.49218 -0.57874 -0.64307 -0.68267 -0.69605 -0.68267 -0.64307 -0.57874 -0.49218 -0.38672 -0.26641 -0.13592 -0.00042 0.13444 0.26214 0.37385 0.45468 0.47627 0.39487 0.23711 0.00000
0.65601 0.63328 0.59238 0.53101 0.45079 0.35393 0.24372 0.12423 0.00001 -0.12421 -0.24366 -0.35373 -0.45022 -0.52940 -0.58824 -0.62447 -0.63671 -0.62447 -0.58824 -0.52940 -0.45022 -0.35375 -0.24369 -0.12433 -0.00039 0.12298 0.23979 0.34198 0.41591 0.43566 0.36119 0.21688 0.00000
0.58855 0.56815 0.53146 0.47640 0.40443 0.31753 0.21866 0.11146 0.00001 -0.11144 -0.21860 -0.31736 -0.40392 -0.47496 -0.52775 -0.56026 -0.57123 -0.56026 -0.52775 -0.47496 -0.40392 -0.31737 -0.21863 -0.11155 -0.00035 0.11033 0.21513 0.30681 0.37314 0.39085 0.32405 0.19458 0.00000
0.51543 0.49756 0.46543 0.41721 0.35418 0.27808 0.19149 0.09761 0.00000 -0.09759 -0.19144 -0.27793 -0.35373 -0.41595 -0.46218 -0.49064 -0.50026 -0.49064 -0.46218 -0.41595 -0.35374 -0.27794 -0.19147 -0.09769 -0.00030 0.09662 0.18840 0.26869 0.32678 0.34229 0.28378 0.17040 0.00000
0.43734 0.42218 0.39491 0.35400 0.30052 0.23595 0.16248 0.08282 0.00000 -0.08281 -0.16243 -0.23582 -0.30014 -0.35293 -0.39215 -0.41631 -0.42446 -0.41631 -0.39215 -0.35293 -0.30014 -0.23583 -0.16246 -0.08289 -0.00026 0.08199 0.15986 0.22798 0.27727 0.29043 0.24079 0.14459 0.00000
0.35503 0.34273 0.32059 0.28738 0.24396 0.19154 0.13190 0.06724 0.00000 -0.06722 -0.13187 -0.19144 -0.24366 -0.28651 -0.31835 -0.33796 -0.34458 -0.33796 -0.31835 -0.28651 -0.24366 -0.19145 -0.13189 -0.06729 -0.00021 0.06656 0.12977 0.18508 0.22509 0.23577 0.19547 0.11738 0.00000
0.26931 0.25997 0.24319 0.21799 0.18506 0.14530 0.10005 0.05100 0.00000 -0.05099 -0.10003 -0.14522 -0.18483 -0.21733 -0.24149 -0.25636 -0.26138 -0.25636 -0.24149 -0.21733 -0.18483 -0.14522 -0.10004 -0.05104 -0.00016 0.05049 0.09844 0.14039 0.17074 0.17885 0.14828 0.08904 0.00000
0.18099 0.17472 0.16344 0.14650 0.12437 0.09765 0.06724 0.03428 0.00000 -0.03427 -0.06722 -0.09760 -0.12422 -0.14606 -0.16229 -0.17229 -0.17567 -0.17229 -0.16229 -0.14606 -0.12422 -0.09760 -0.06723 -0.03430 -0.00011 0.03393 0.06616 0.09435 0.11475 0.12020 0.09965 0.05984 0.00000
0.09093 0.08778 0.08211 0.07361 0.06249 0.04906 0.03378 0.01722 0.00000 -0.01722 -0.03377 -0.04903 -0.06241 -0.07338 -0.08154 -0.08656 -0.08826 -0.08656 -0.08154 -0.07338 -0.06241 -0.04904 -0.03378 -0.01723 -0.00005 0.01705 0.03324 0.04740 0.05765 0.06039 0.05007 0.03006 0.00000
0.00000 0.00000 0.00000 0.00000 0.00000 0.00000 0.00000 0.00000 0.00000 0.00000 0.00000 0.00000 0.00000 0.00000 0.00000 0.00000 0.00000 0.00000 0.00000 0.00000 0.00000 0.00000 0.00000 0.00000 0.00000 0.00000 0.00000 0.00000 0.00000 0.00000 0.00000 0.00000 0.00000

0.88250 0.86554 0.81532 0.73377 0.62402 0.49029 0.33772 0.17217 0.00000 -0.17217 -0.33772 -0.49029 -0.62402 -0.73377 -0.81532 -0.86554 -0.88250 -0.86554 -0.81532 -0.73377 -0.62402 -0.49029 -0.33772 -0.17217 -0.00000 0.17217 0.33772 0.49029 0.62402 0.73377 0.81532 0.86554 0.00000
0.87825 0.84727 0.79197 0.70942 0.60184 0.47224 0.32508 0.16569 0.00004 -0.16557 -0.32479 -0.47153 -0.60015 -0.70570 -0.78413 -0.83243 -0.84874 -0.83243 -0.78414 -0.70571 -0.60018 -0.47163 -0.32507 -0.16638 -0.00226 0.15941 0.30873 0.43227 0.51205 0.52878 0.45811 0.25430 0.00000
0.86554 0.83334 0.77763 0.69561 0.58962 0.46243 0.31824 0.16219 0.00005 -0.16202 -0.31784 -0.46144 -0.58731 -0.69060 -0.76735 -0.81462 -0.83058 -0.81462 -0.76736 -0.69061 -0.58735 -0.46157 -0.31823 -0.16315 -0.00314 0.15356 0.29604 0.40908 0.47299 0.47112 0.38575 0.21596 0.00000
0.84450 0.81253 0.75779 0.67754 0.57413 0.45020 0.30979 0.15787 0.00006 -0.15769 -0.30936 -0.44913 -0.57164 -0.67217 -0.74688 -0.79288 -0.80842 -0.79288 -0.74688 -0.67219 -0.57168 -0.44927 -0.30979 -0.15892 -0.00339 0.14858 0.28598 0.39332 0.45095 0.44393 0.35613 0.20010 0.00000
0.81532 0.78429 0.73131 0.65376 0.55393 0.43433 0.29886 0.15230 0.00006 -0.15212 -0.29843 -0.43326 -0.55144 -0.64842 -0.72049 -0.76487 -0.77985 -0.76487 -0.72049 -0.64844 -0.55149 -0.43340 -0.29885 -0.15335 -0.00338 0.14304 0.27516 0.37783 0.43199 0.42375 0.33769 0.18999 0.00000
0.77829 0.74862 0.69800 0.62395 0.52865 0.41450 0.28522 0.14535 0.00006 -0.14517 -0.28480 -0.41347 -0.52625 -0.61881 -0.68758 -0.72994 -0.74424 -0.72994 -0.68759 -0.61882 -0.52630 -0.41361 -0.28521 -0.14636 -0.00326 0.13641 0.26236 0.36007 0.41132 0.40304 0.32052 0.18041 0.00000
0.73377 0.70578 0.65804 0.58822 0.49838 0.39076 0.26888 0.13702 0.00005 -0.13686 -0.26848 -0.38979 -0.49611 -0.58336 -0.64819 -0.68812 -0.70160 -0.68812 -0.64820 -0.58337 -0.49615 -0.38992 -0.26887 -0.13798 -0.00309 0.12856 0.24726 0.33929 0.38747 0.37954 0.30164 0.16981 0.00000
0.68218 0.65615 0.61177 0.54686 0.46333 0.36328 0.24997 0.12739 0.00005 -0.12723 -0.24960 -0.36237 -0.46121 -0.54233 -0.60260 -0.63972 -0.65225 -0.63972 -0.60261 -0.54234 -0.46125 -0.36249 -0.24996 -0.12828 -0.00287 0.11951 0.22985 0.31537 0.36013 0.35273 0.28027 0.15778 0.00000
0.62402 0.60021 0.55961 0.50023 0.42382 0.33230 0.22866 0.11652 0.00005 -0.11638 -0.22832 -0.33147 -0.42189 -0.49609 -0.55122 -0.58518 -0.59664 -0.58518 -0.55123 -0.49610 -0.42192 -0.33159 -0.22865 -0.11734 -0.00263 0.10932 0.21024 0.28847 0.32940 0.32262 0.25633 0.14431 0.00000
0.55985 0.53849 0.50206 0.44879 0.38024 0.29813 0.20514 0.10454 0.00004 -0.10441 -0.20484 -0.29739 -0.37850 -0.44507 -0.49454 -0.52500 -0.53528 -0.52500 -0.49454 -0.44508 -0.37854 -0.29749 -0.20514 -0.10527 -0.00236 0.09808 0.18862 0.25880 0.29552 0.28943 0.22996 0.12946 0.00000
0.49029 0.47158 0.43968 0.39303 0.33299 0.26109 0.17965 0.09155 0.00004 -0.09144 -0.17939 -0.26044 -0.33147 -0.38977 -0.43309 -0.45977 -0.46878 -0.45977 -0.43309 -0.38978 -0.33150 -0.26052 -0.17965 -0.09219 -0.00207 0.08589 0.16518 0.22664 0.25880 0.25347 0.20138 0.11337 0.00000
0.41601 0.40013 0.37307 0.33348 0.28254 0.22153 0.15243 0.07768 0.00003 -0.07759 -0.15221 -0.22098 -0.28125 -0.33072 -0.36747 -0.39011 -0.39775 -0.39011 -0.36748 -0.33073 -0.28128 -0.22105 -0.15243 -0.07822 -0.00175 0.07288 0.14016 0.19230 0.21958 0.21506 0.17087 0.09620 0.00000
0.33772 0.32483 0.30286 0.27072 0.22937 0.17984 0.12375 0.06306 0.00002 -0.06299 -0.12356 -0.17939 -0.22832 -0.26848 -0.29832 -0.31669 -0.32290 -0.31669 -0.29832 -0.26849 -0.22834 -0.17945 -0.12374 -0.06350 -0.00142 0.05916 0.11378 0.15611 0.17826 0.17459 0.13872 0.07809 0.00000
0.25618 0.24640 0.22973 0.20536 0.17399 0.13642 0.09387 0.04784 0.00002 -0.04778 -0.09373 -0.13608 -0.17319 -0.20366 -0.22629 -0.24023 -0.24493 -0.24023 -0.22629 -0.20366 -0.17321 -0.13612 -0.09387 -0.04817 -0.00108 0.04488 0.08631 0.11842 0.13522 0.13244 0.10522 0.05924 0.00000
0.17217 0.16560 0.15440 0.13801 0.11693 0.09168 0.06309 0.03215 0.00001 -0.03211 -0.06299 -0.09145 -0.11640 -0.13687 -0.15208 -0.16145 -0.16461 -0.16145 -0.15208 -0.13687 -0.11641 -0.09148 -0.06308 -0.03237 -0.00073 0.03016 0.05800 0.07959 0.09088 0.08901 0.07072 0.03981 0.00000
0.08650 0.08320 0.07757 0.06934 0.05875 0.04606 0.03170 0.01615 0.00001 -0.01613 -0.03165 -0.04595 -0.05848 -0.06877 -0.07641 -0.08112 -0.08270 -0.08112 -0.07641 -0.06877 -0.05849 -0.04596 -0.03169 -0.01627 -0.00036 0.01515 0.02914 0.03999 0.04566 0.04472 0.03553 0.02000 0.00000
0.00000 0.00000 0.00000 0.00000 0.00000 0.00000 0.00000 0.00000 0.00000 0.00000 0.00000 0.00000 0.00000 0.00000 0.00000 0.00000 0.00000 0.00000 0.00000 0.00000 0.00000 0.00000 0.00000 0.00000 0.00000 0.00000 0.00000 0.00000 0.00000 0.00000 0.00000 0.00000 0.00000

0.83946 0.82333 0.77556 0.69798 0.59359 0.46638 0.32125 0.16377 0.00000 -0.16377 -0.32125 -0.46638 -0.59359 -0.69798 -0.77556 -0.82333 -0.83946 -0.82333 -0.77556 -0.69798 -0.59359 -0.46638 -0.32125 -0.16377 -0.00000 0.16377 0.32125 0.46638 0.59359 0.69798 0.77556 0.82333 0.00000
0.83541 0.80490 0.75144 0.67237 0.56990 0.44689 0.30750 0.15672 0.00013 -0.15637 -0.30680 -0.44543 -0.56693 -0.66664 -0.74073 -0.78636 -0.80176 -0.78636 -0.74075 -0.66670 -0.56709 -0.44586 -0.30793 -0.15920 -0.00668 0.14124 0.27452 0.38144 0.44809 0.45890 0.39848 0.21889 0.00000
0.82333 0.79102 0.73667 0.65779 0.55677 0.43619 0.29998 0.15286 0.00019 -0.15233 -0.29892 -0.43400 -0.55239 -0.64954 -0.72174 -0.76619 -0.78121 -0.76620 -0.72177 -0.64963 -0.55264 -0.43466 -0.30064 -0.15662 -0.01002 0.12993 0.25199 0.34333 0.38992 0.38072 0.30969 0.17036 0.00000
0.80331 0.77097 0.71731 0.63999 0.54139 0.42398 0.29151 0.14854 0.00022 -0.14793 -0.29032 -0.42151 -0.53649 -0.63085 -0.70097 -0.74415 -0.75873 -0.74416 -0.70100 -0.63096 -0.53677 -0.42226 -0.29226 -0.15278 -0.01127 0.12289 0.23826 0.32202 0.36071 0.34584 0.27372 0.15066 0.00000
0.77556 0.74404 0.69202 0.61723 0.52202 0.40874 0.28101 0.14319 0.00023 -0.14256 -0.27979 -0.40624 -0.51705 -0.60799 -0.67557 -0.71718 -0.73123 -0.71719 -0.67560 -0.60810 -0.51734 -0.40700 -0.28178 -0.14751 -0.01147 0.11715 0.22714 0.30609 0.34112 0.32504 0.25474 0.14024 0.00000
0.74033 0.71015 0.66041 0.58897 0.49808 0.38998 0.26810 0.13661 0.00022 -0.13600 -0.26691 -0.38753 -0.49325 -0.58000 -0.64447 -0.68416 -0.69757 -0.68418 -0.64450 -0.58011 -0.49353 -0.38828 -0.26885 -0.14081 -0.01116 0.11129 0.21579 0.29049 0.32316 0.30730 0.24005 0.13217 0.00000
0.69798 0.66949 0.62257 0.55520 0.46951 0.36760 0.25272 0.12877 0.00021 -0.12819 -0.25158 -0.36528 -0.46492 -0.54670 -0.60746 -0.64487 -0.65751 -0.64488 -0.60749 -0.54679 -0.46519 -0.36599 -0.25343 -0.13276 -0.01060 0.10473 0.20309 0.27329 0.30384 0.28874 0.22531 0.12406 0.00000
0.64891 0.62241 0.57878 0.51614 0.43647 0.34173 0.23493 0.11970 0.00020 -0.11917 -0.23388 -0.33957 -0.43220 -0.50822 -0.56470 -0.59948 -0.61123 -0.59949 -0.56473 -0.50831 -0.43245 -0.34023 -0.23559 -0.12343 -0.00988 0.09730 0.18869 0.25389 0.28221 0.26813 0.20915 0.11516 0.00000
0.59359 0.56934 0.52943 0.47213 0.39925 0.31259 0.21490 0.10950 0.00018 -0.10900 -0.21393 -0.31061 -0.39534 -0.46487 -0.51654 -0.54836 -0.55910 -0.54837 -0.51657 -0.46496 -0.39557 -0.31122 -0.21550 -0.11291 -0.00905 0.08899 0.17256 0.23218 0.25806 0.24517 0.19122 0.10529 0.00000
0.53255 0.51079 0.47498 0.42358 0.35819 0.28044 0.19280 0.09824 0.00016 -0.09779 -0.19193 -0.27866 -0.35468 -0.41706 -0.46342 -0.49196 -0.50160 -0.49197 -0.46344 -0.41714 -0.35489 -0.27921 -0.19334 -0.10130 -0.00812 0.07983 0.15481 0.20828 0.23150 0.21993 0.17152 0.09444 0.00000
0.46638 0.44733 0.41597 0.37095 0.31369 0.24560 0.16884 0.08603 0.00014 -0.08564 -0.16808 -0.24404 -0.31061 -0.36524 -0.40584 -0.43084 -0.43928 -0.43084 -0.40586 -0.36531 -0.31079 -0.24452 -0.16932 -0.08871 -0.00711 0.06991 0.13557 0.18240 0.20272 0.19259 0.15020 0.08270 0.00000
0.39572 0.37955 0.35294 0.31475 0.26616 0.20839 0.14326 0.07300 0.00012 -0.07267 -0.14262 -0.20707 -0.26355 -0.30991 -0.34435 -0.36556 -0.37272 -0.36557 -0.34437 -0.30996 -0.26370 -0.20747 -0.14366 -0.07527 -0.00604 0.05932 0.11503 0.15476 0.17201 0.16341 0.12744 0.07017 0.00000
0.32125 0.30813 0.28652 0.25551 0.21607 0.16917 0.11630 0.05926 0.00010 -0.05899 -0.11578 -0.16810 -0.21395 -0.25158 -0.27955 -0.29676 -0.30258 -0.29677 -0.27956 -0.25163 -0.21408 -0.16843 -0.11663 -0.06111 -0.00490 0.04815 0.09338 0.12564 0.13964 0.13266 0.10346 0.05697 0.00000
0.24368 0.23373 0.21734 0.19382 0.16390 0.12832 0.08822 0.04495 0.00007 -0.04475 -0.08782 -0.12751 -0.16229 -0.19084 -0.21205 -0.22511 -0.22952 -0.22511 -0.21206 -0.19087 -0.16239 -0.12776 -0.08847 -0.04635 -0.00372 0.03653 0.07083 0.09530 0.10592 0.10063 0.07848 0.04321 0.00000
0.16377 0.15708 0.14607 0.13026 0.11015 0.08624 0.05929 0.03021 0.00005 -0.03007 -0.05902 -0.08570 -0.10907 -0.12826 -0.14251 -0.15129 -0.15425 -0.15129 -0.14252 -0.12828 -0.10913 -0.08586 -0.05946 -0.03115 -0.00250 0.02455 0.04760 0.06405 0.07119 0.06763 0.05274 0.02904 0.00000
0.08228 0.07892 0.07339 0.06544 0.05534 0.04333 0.02979 0.01518 0.00002 -0.01511 -0.02965 -0.04305 -0.05480 -0.06444 -0.07160 -0.07601 -0.07750 -0.07601 -0.07160 -0.06445 -0.05483 -0.04314 -0.02987 -0.01565 -0.00125 0.01233 0.02392 0.03218 0.03576 0.03398 0.02650 0.01459 0.00000
0.00000 0.00000 0.00000 0.00000 0.00000 0.00000 0.00000 0.00000 0.00000 0.00000 0.00000 0.00000 0.00000 0.00000 0.00000 0.00000 0.00000 0.00000 0.00000 0.00000 0.00000 0.00000 0.00000 0.00000 0.00000 0.00000 0.00000 0.00000 0.00000 0.00000 0.00000 0.00000 0.00000

0.79852 0.78317 0.73773 0.66394 0.56464 0.44363 0.30558 0.15578 0.00000 -0.15578 -0.30558 -0.44363 -0.56464 -0.66394 -0.73773 -0.78317 -0.79852 -0.78317 -0.73773 -0.66394 -0.56464 -0.44363 -0.30558 -0.15578 -0.00000 0.15578 0.30558 0.44363 0.56464 0.66394 0.73773 0.78317 0.00000
0.79467 0.76495 0.71353 0.63795 0.54037 0.42352 0.29134 0.14851 0.00029 -0.14778 -0.29007 -0.42118 -0.53608 -0.63038 -0.70044 -0.74359 -0.75816 -0.74361 -0.70052 -0.63059 -0.53662 -0.42245 -0.29297 -0.15409 -0.01277 0.12295 0.24388 0.33991 0.39975 0.40980 0.35748 0.19585 0.00000
0.78317 0.75129 0.69863 0.62298 0.52670 0.41228 0.28339 0.14446 0.00046 -0.14328 -0.28138 -0.40860 -0.52008 -0.61157 -0.67954 -0.72140 -0.73555 -0.72145 -0.67968 -0.61192 -0.52095 -0.41065 -0.28604 -0.15334 -0.02010 0.10479 0.21126 0.28884 0.32732 0.31824 0.25912 0.14175 0.00000
0.76413 0.73198 0.67978 0.60548 0.51147 0.40011 0.27494 0.14015 0.00055 -0.13877 -0.27258 -0.39585 -0.50386 -0.59249 -0.65835 -0.69890 -0.71261 -0.69896 -0.65851 -0.59291 -0.50488 -0.39826 -0.27805 -0.15051 -0.02331 0.09450 0.19279 0.26143 0.29129 0.27683 0.21823 0.11922 0.00000
0.73773 0.70628 0.65557 0.58364 0.49284 0.38544 0.26481 0.13499 0.00057 -0.13355 -0.26237 -0.38102 -0.48499 -0.57030 -0.63369 -0.67273 -0.68593 -0.67279 -0.63386 -0.57074 -0.48606 -0.38354 -0.26806 -0.14575 -0.02413 0.08791 0.18053 0.24407 0.27011 0.25452 0.19813 0.10816 0.00000
0.70423 0.67406 0.62552 0.55678 0.47010 0.36761 0.25255 0.12874 0.00056 -0.12732 -0.25014 -0.36327 -0.46239 -0.54373 -0.60417 -0.64139 -0.65397 -0.64145 -0.60434 -0.54416 -0.46345 -0.36575 -0.25575 -0.13932 -0.02370 0.08259 0.17012 0.22976 0.25365 0.23830 0.18467 0.10078 0.00000
0.66394 0.63544 0.58964 0.52480 0.44307 0.34646 0.23801 0.12133 0.00054 -0.11997 -0.23571 -0.34232 -0.43573 -0.51238 -0.56933 -0.60440 -0.61626 -0.60446 -0.56949 -0.51279 -0.43674 -0.34469 -0.24107 -0.13143 -0.02260 0.07736 0.15956 0.21543 0.23761 0.22300 0.17255 0.09416 0.00000
0.61726 0.59074 0.54815 0.48786 0.41187 0.32206 0.22125 0.11279 0.00050 -0.11152 -0.21910 -0.31819 -0.40502 -0.47626 -0.52920 -0.56180 -0.57282 -0.56185 -0.52935 -0.47665 -0.40596 -0.32041 -0.22410 -0.12221 -0.02111 0.07174 0.14804 0.19986 0.22036 0.20675 0.15989 0.08724 0.00000
0.56464 0.54037 0.50140 0.44625 0.37674 0.29459 0.20237 0.10317 0.00046 -0.10200 -0.20040 -0.29104 -0.37046 -0.43563 -0.48405 -0.51387 -0.52395 -0.51392 -0.48419 -0.43598 -0.37132 -0.29308 -0.20499 -0.11181 -0.01934 0.06556 0.13531 0.18267 0.20139 0.18893 0.14608 0.07971 0.00000
0.50657 0.48480 0.44984 0.40036 0.33799 0.26429 0.18156 0.09256 0.00041 -0.09151 -0.17979 -0.26110 -0.33235 -0.39082 -0.43426 -0.46101 -0.47006 -0.46106 -0.43438 -0.39114 -0.33313 -0.26293 -0.18391 -0.10031 -0.01737 0.05879 0.12136 0.16384 0.18062 0.16943 0.13100 0.07148 0.00000
0.44363 0.42457 0.39394 0.35061 0.29600 0.23145 0.15900 0.08105 0.00036 -0.08014 -0.15745 -0.22866 -0.29106 -0.34226 -0.38030 -0.40373 -0.41165 -0.40377 -0.38041 -0.34253 -0.29174 -0.23026 -0.16106 -0.08785 -0.01521 0.05148 0.10627 0.14346 0.15816 0.14836 0.11470 0.06259 0.00000
0.37642 0.36024 0.33426 0.29749 0.25115 0.19638 0.13491 0.06877 0.00031 -0.06800 -0.13360 -0.19402 -0.24696 -0.29040 -0.32268 -0.34256 -0.34928 -0.34259 -0.32277 -0.29064 -0.24754 -0.19538 -0.13666 -0.07454 -0.01291 0.04368 0.09017 0.12172 0.13419 0.12588 0.09732 0.05310 0.00000
0.30558 0.29245 0.27135 0.24151 0.20389 0.15942 0.10952 0.05583 0.00025 -0.05520 -0.10845 -0.15750 -0.20048 -0.23575 -0.26195 -0.27809 -0.28355 -0.27812 -0.26203 -0.23594 -0.20095 -0.15861 -0.11094 -0.06051 -0.01048 0.03546 0.07320 0.09881 0.10893 0.10218 0.07900 0.04311 0.00000
0.23180 0.22183 0.20584 0.18319 0.15466 0.12093 0.08308 0.04235 0.00019 -0.04187 -0.08227 -0.11947 -0.15208 -0.17883 -0.19871 -0.21095 -0.21508 -0.21097 -0.19876 -0.17897 -0.15243 -0.12031 -0.08415 -0.04590 -0.00795 0.02690 0.05552 0.07495 0.08263 0.07751 0.05993 0.03270 0.00000
0.15578 0.14909 0.13833 0.12312 0.10394 0.08127 0.05583 0.02846 0.00013 -0.02814 -0.05529 -0.08029 -0.10220 -0.12018 -0.13354 -0.14177 -0.14455 -0.14178 -0.13358 -0.12028 -0.10244 -0.08086 -0.05656 -0.03085 -0.00534 0.01808 0.03732 0.05037 0.05553 0.05209 0.04027 0.02198 0.00000
0.07827 0.07490 0.06950 0.06186 0.05222 0.04083 0.02805 0.01430 0.00006 -0.01414 -0.02778 -0.04034 -0.05135 -0.06038 -0.06709 -0.07123 -0.07263 -0.07123 -0.06711 -0.06043 -0.05147 -0.04062 -0.02841 -0.01550 -0.00268 0.00908 0.01875 0.02531 0.02790 0.02617 0.02023 0.01104 0.00000
0.00000 0.00000 0.00000 0.00000 0.00000 0.00000 0.00000 0.00000 0.00000 0.00000 0.00000 0.00000 0.00000 0.00000 0.00000 0.00000 0.00000 0.00000 0.00000 0.00000 0.00000 0.00000 0.00000 0.00000 0.00000 0.00000 0.00000 0.00000 0.00000 0.00000 0.00000 0.00000 0.00000

0.75957 0.74498 0.70175 0.63156 0.53710 0.42200 0.29068 0.14819 0.00000 -0.14819 -0.29068 -0.42200 -0.53710 -0.63156 -0.70175 -0.74498 -0.75957 -0.74498 -0.70175 -0.63156 -0.53710 -0.42200 -0.29068 -0.14819 -0.00000 0.14819 0.29068 0.42200 0.53710 0.63156 0.70175 0.74498 0.00000
0.75591 0.72718 0.67787 0.60573 0.51283 0.40179 0.27635 0.14094 0.00051 -0.13971 -0.27442 -0.39852 -0.50727 -0.59651 -0.66282 -0.70366 -0.71747 -0.70375 -0.66307 -0.59709 -0.50854 -0.40121 -0.27987 -0.15025 -0.01902 0.10636 0.21766 0.30596 0.36155 0.37209 0.32619 0.17862 0.00000
0.74498 0.71384 0.66306 0.59066 0.49894 0.39030 0.26822 0.13685 0.00086 -0.13479 -0.26504 -0.38499 -0.49008 -0.57631 -0.64038 -0.67985 -0.69321 -0.68000 -0.64079 -0.57728 -0.49221 -0.38949 -0.27410 -0.15218 -0.03095 0.08146 0.17631 0.24488 0.27920 0.27226 0.22268 0.12165 0.00000
0.72687 0.69527 0.64477 0.57353 0.48395 0.37827 0.25985 0.13262 0.00104 -0.13013 -0.25603 -0.37195 -0.47351 -0.55683 -0.61874 -0.65688 -0.66980 -0.65706 -0.61925 -0.55801 -0.47610 -0.37740 -0.26693 -0.15094 -0.03675 0.06744 0.15302 0.21189 0.23749 0.22584 0.17829 0.09718 0.00000
0.70175 0.67074 0.62158 0.55256 0.46601 0.36412 0.25008 0.12765 0.00111 -0.12501 -0.24604 -0.35747 -0.45508 -0.53517 -0.59467 -0.63133 -0.64376 -0.63153 -0.59521 -0.53643 -0.45784 -0.36325 -0.25759 -0.14698 -0.03861 0.05951 0.13910 0.19265 0.21441 0.20186 0.15700 0.08547 0.00000
0.66988 0.64008 0.59298 0.52699 0.44436 0.34714 0.23840 0.12170 0.00110 -0.11907 -0.23439 -0.34055 -0.43354 -0.50984 -0.56653 -0.60145 -0.61330 -0.60165 -0.56707 -0.51110 -0.43630 -0.34631 -0.24588 -0.14088 -0.03824 0.05438 0.12911 0.17894 0.19864 0.18633 0.14412 0.07841 0.00000
0.63156 0.60338 0.55892 0.49666 0.41874 0.32711 0.22464 0.11468 0.00106 -0.11215 -0.22078 -0.32079 -0.40839 -0.48026 -0.53366 -0.56656 -0.57772 -0.56675 -0.53419 -0.48147 -0.41104 -0.32632 -0.23181 -0.13307 -0.03663 0.05027 0.12024 0.16674 0.18492 0.17325 0.13374 0.07275 0.00000
0.58716 0.56093 0.51957 0.46167 0.38923 0.30405 0.20879 0.10659 0.00099 -0.10422 -0.20519 -0.29813 -0.37954 -0.44634 -0.49597 -0.52654 -0.53691 -0.52672 -0.49646 -0.44747 -0.38202 -0.30331 -0.21552 -0.12381 -0.03428 0.04635 0.11122 0.15426 0.17104 0.16017 0.12356 0.06720 0.00000
0.53710 0.51310 0.47525 0.42229 0.35602 0.27810 0.19098 0.09750 0.00091 -0.09532 -0.18766 -0.27267 -0.34713 -0.40822 -0.45362 -0.48158 -0.49106 -0.48174 -0.45406 -0.40927 -0.34941 -0.27743 -0.19715 -0.11330 -0.03145 0.04225 0.10152 0.14083 0.15613 0.14619 0.11275 0.06132 0.00000
0.48187 0.46033 0.42637 0.37885 0.31940 0.24949 0.17133 0.08747 0.00082 -0.08551 -0.16836 -0.24462 -0.31142 -0.36622 -0.40694 -0.43203 -0.44054 -0.43218 -0.40735 -0.36716 -0.31347 -0.24889 -0.17688 -0.10166 -0.02825 0.03785 0.09100 0.12625 0.13996 0.13104 0.10106 0.05496 0.00000
0.42200 0.40313 0.37339 0.33178 0.27971 0.21849 0.15004 0.07660 0.00072 -0.07489 -0.14743 -0.21422 -0.27272 -0.32071 -0.35637 -0.37834 -0.38579 -0.37847 -0.35673 -0.32153 -0.27451 -0.21797 -0.15490 -0.08903 -0.02475 0.03313 0.07967 0.11053 0.12253 0.11472 0.08847 0.04811 0.00000
0.35806 0.34205 0.31682 0.28151 0.23733 0.18539 0.12731 0.06499 0.00061 -0.06354 -0.12509 -0.18176 -0.23140 -0.27212 -0.30238 -0.32102 -0.32734 -0.32113 -0.30268 -0.27282 -0.23292 -0.18494 -0.13143 -0.07555 -0.02100 0.02810 0.06759 0.09377 0.10395 0.09733 0.07505 0.04082 0.00000
0.29068 0.27768 0.25720 0.22853 0.19267 0.15050 0.10335 0.05276 0.00049 -0.05158 -0.10155 -0.14755 -0.18785 -0.22091 -0.24547 -0.26060 -0.26574 -0.26069 -0.24571 -0.22147 -0.18909 -0.15014 -0.10670 -0.06133 -0.01705 0.02281 0.05487 0.07612 0.08439 0.07901 0.06093 0.03313 0.00000
0.22049 0.21064 0.19510 0.17335 0.14615 0.11416 0.07840 0.04002 0.00038 -0.03913 -0.07703 -0.11193 -0.14249 -0.16757 -0.18620 -0.19768 -0.20157 -0.19775 -0.18639 -0.16800 -0.14343 -0.11389 -0.08093 -0.04652 -0.01293 0.01730 0.04162 0.05774 0.06401 0.05993 0.04621 0.02513 0.00000
0.14819 0.14156 0.13112 0.11650 0.09822 0.07672 0.05269 0.02690 0.00025 -0.02630 -0.05177 -0.07522 -0.09576 -0.11262 -0.12514 -0.13285 -0.13547 -0.13290 -0.12526 -0.11291 -0.09639 -0.07654 -0.05439 -0.03127 -0.00869 0.01163 0.02797 0.03881 0.04302 0.04028 0.03106 0.01689 0.00000
0.07445 0.07112 0.06588 0.05853 0.04935 0.03855 0.02647 0.01351 0.00013 -0.01321 -0.02601 -0.03779 -0.04811 -0.05658 -0.06287 -0.06675 -0.06806 -0.06677 -0.06294 -0.05673 -0.04843 -0.03845 -0.02733 -0.01571 -0.00437 0.00584 0.01405 0.01950 0.02161 0.02023 0.01560 0.00849 0.00000
0.00000 0.00000 0.00000 0.00000 0.00000 0.00000 0.00000 0.00000 0.00000 0.00000 0.00000 0.00000 0.00000 0.00000 0.00000 0.00000 0.00000 0.00000 0.00000 0.00000 0.00000 0.00000 0.00000 0.00000 0.00000 0.00000 0.00000 0.00000 0.00000 0.00000 0.00000 0.00000 0.00000

0.72253 0.70864 0.66753 0.60076 0.51090 0.40141 0.27650 0.14096 0.00000 -0.14096 -0.27650 -0.40141 -0.51090 -0.60076 -0.66753 -0.70864 -0.72253 -0.70864 -0.66753 -0.60076 -0.51090 -0.40141 -0.27650 -0.14096 -0.00000 0.14096 0.27650 0.40141 0.51090 0.60076 0.66753 0.70864 0.00000
0.71905 0.69139 0.64421 0.57541 0.48700 0.38147 0.26238 0.13393 0.00079 -0.13209 -0.25972 -0.37727 -0.48026 -0.56477 -0.62757 -0.66626 -0.67938 -0.66647 -0.62812 -0.56594 -0.48262 -0.38180 -0.26810 -0.14700 -0.02471 0.09188 0.19534 0.27767 0.33018 0.34142 0.30072 0.16471 0.00000
0.70864 0.67844 0.62965 0.56047 0.47314 0.36996 0.25426 0.12993 0.00136 -0.12679 -0.24976 -0.36296 -0.46212 -0.54348 -0.60393 -0.64119 -0.65387 -0.64156 -0.60488 -0.54551 -0.46619 -0.37075 -0.26405 -0.15195 -0.04115 0.06104 0.14701 0.20929 0.24127 0.23683 0.19491 0.10652 0.00000
0.69142 0.66062 0.61195 0.54380 0.45847 0.35816 0.24605 0.12583 0.00168 -0.12195 -0.24054 -0.34967 -0.44524 -0.52364 -0.58191 -0.61783 -0.63008 -0.61829 -0.58309 -0.52617 -0.45029 -0.35929 -0.25810 -0.15267 -0.04976 0.04335 0.11935 0.17164 0.19514 0.18680 0.14820 0.08081 0.00000
0.66753 0.63721 0.58976 0.52366 0.44122 0.34453 0.23664 0.12107 0.00181 -0.11690 -0.23073 -0.33546 -0.42718 -0.50241 -0.55832 -0.59280 -0.60457 -0.59330 -0.55961 -0.50515 -0.43264 -0.34584 -0.24961 -0.14977 -0.05296 0.03379 0.10358 0.15045 0.17023 0.16129 0.12589 0.06855 0.00000
0.63721 0.60802 0.56253 0.49930 0.42057 0.32834 0.22550 0.11540 0.00183 -0.11120 -0.21957 -0.31927 -0.40657 -0.47818 -0.53140 -0.56421 -0.57543 -0.56472 -0.53270 -0.48095 -0.41207 -0.32971 -0.23852 -0.14413 -0.05288 0.02854 0.09361 0.13687 0.15467 0.14602 0.11326 0.06163 0.00000
0.60076 0.57314 0.53016 0.47050 0.39626 0.30934 0.21244 0.10873 0.00177 -0.10467 -0.20672 -0.30059 -0.38279 -0.45022 -0.50032 -0.53123 -0.54179 -0.53172 -0.50159 -0.45290 -0.38811 -0.31068 -0.22501 -0.13641 -0.05088 0.02529 0.08600 0.12620 0.14259 0.13445 0.10405 0.05661 0.00000
0.55852 0.53280 0.49281 0.43733 0.36830 0.28750 0.19744 0.10106 0.00166 -0.09724 -0.19206 -0.27929 -0.35566 -0.41831 -0.46487 -0.49358 -0.50340 -0.49405 -0.46606 -0.42083 -0.36067 -0.28877 -0.20925 -0.12704 -0.04773 0.02283 0.07902 0.11618 0.13127 0.12374 0.09568 0.05205 0.00000
0.51090 0.48736 0.45077 0.40000 0.33686 0.26295 0.18058 0.09244 0.00153 -0.08892 -0.17564 -0.25541 -0.32526 -0.38255 -0.42513 -0.45138 -0.46036 -0.45181 -0.42622 -0.38487 -0.32986 -0.26413 -0.19144 -0.11631 -0.04384 0.02062 0.07192 0.10582 0.11958 0.11271 0.08713 0.04740 0.00000
0.45837 0.43724 0.40440 0.35886 0.30221 0.23590 0.16200 0.08293 0.00137 -0.07977 -0.15756 -0.22912 -0.29178 -0.34317 -0.38137 -0.40492 -0.41298 -0.40531 -0.38235 -0.34526 -0.29591 -0.23696 -0.17176 -0.10438 -0.03940 0.01840 0.06438 0.09477 0.10710 0.10094 0.07803 0.04244 0.00000
0.40141 0.38291 0.35415 0.31426 0.26465 0.20658 0.14187 0.07262 0.00120 -0.06985 -0.13797 -0.20064 -0.25551 -0.30052 -0.33397 -0.35459 -0.36165 -0.35493 -0.33483 -0.30235 -0.25914 -0.20751 -0.15042 -0.09143 -0.03453 0.01607 0.05633 0.08293 0.09372 0.08833 0.06828 0.03714 0.00000
0.34060 0.32490 0.30049 0.26665 0.22455 0.17528 0.12038 0.06162 0.00102 -0.05927 -0.11707 -0.17024 -0.21679 -0.25498 -0.28336 -0.30086 -0.30685 -0.30115 -0.28409 -0.25653 -0.21987 -0.17607 -0.12763 -0.07758 -0.02931 0.01362 0.04778 0.07035 0.07950 0.07492 0.05792 0.03150 0.00000
0.27650 0.26375 0.24394 0.21647 0.18229 0.14229 0.09772 0.05002 0.00083 -0.04811 -0.09504 -0.13820 -0.17599 -0.20700 -0.23003 -0.24424 -0.24910 -0.24447 -0.23063 -0.20826 -0.17849 -0.14294 -0.10362 -0.06298 -0.02379 0.01105 0.03878 0.05710 0.06453 0.06082 0.04701 0.02557 0.00000
0.20974 0.20007 0.18504 0.16420 0.13828 0.10794 0.07413 0.03794 0.00063 -0.03650 -0.07209 -0.10483 -0.13350 -0.15702 -0.17449 -0.18527 -0.18896 -0.18545 -0.17494 -0.15797 -0.13540 -0.10842 -0.07860 -0.04777 -0.01805 0.00838 0.02942 0.04331 0.04895 0.04613 0.03566 0.01940 0.00000
0.14096 0.13446 0.12436 0.11035 0.09293 0.07254 0.04982 0.02550 0.00042 -0.02453 -0.04845 -0.07045 -0.08972 -0.10552 -0.11727 -0.12451 -0.12699 -0.12463 -0.11757 -0.10617 -0.09100 -0.07287 -0.05282 -0.03211 -0.01213 0.00563 0.01977 0.02911 0.03289 0.03100 0.02396 0.01304 0.00000
0.07082 0.06756 0.06248 0.05544 0.04669 0.03645 0.02503 0.01281 0.00021 -0.01232 -0.02434 -0.03540 -0.04508 -0.05302 -0.05892 -0.06256 -0.06380 -0.06262 -0.05907 -0.05334 -0.04572 -0.03661 -0.02654 -0.01613 -0.00609 0.00283 0.00993 0.01462 0.01653 0.01558 0.01204 0.00655 0.00000
0.00000 0.00000 0.00000 0.00000 0.00000 0.00000 0.00000 0.00000 0.00000 0.00000 0.00000 0.00000 0.00000 0.00000 0.00000 0.00000 0.00000 0.00000 0.00000 0.00000 0.00000 0.00000 0.00000 0.00000 0.00000 0.00000 0.00000 0.00000 0.00000 0.00000 0.00000 0.00000 0.00000

0.68729 0.67408 0.63497 0.57146 0.48599 0.38184 0.26301 0.13408 0.00000 -0.13408 -0.26301 -0.38184 -0.48599 -0.57146 -0.63497 -0.67408 -0.68729 -0.67408 -0.63497 -0.57146 -0.48599 -0.38184 -0.26301 -0.13408 -0.00000 0.13408 0.26301 0.38184 0.48599 0.57146 0.63497 0.67408 0.00000
0.68398 0.65744 0.61237 0.54681 0.46268 0.36238 0.24929 0.12739 0.00110 -0.12489 -0.24587 -0.35727 -0.45487 -0.53495 -0.59447 -0.63116 -0.64366 -0.63157 -0.59546 -0.53694 -0.45857 -0.36389 -0.25729 -0.14391 -0.02956 0.07941 0.17625 0.25365 0.30364 0.31551 0.27911 0.15295 0.00000
0.67408 0.64494 0.59818 0.53215 0.44904 0.35105 0.24133 0.12358 0.00193 -0.11922 -0.23543 -0.34237 -0.43601 -0.51284 -0.56994 -0.60518 -0.61729 -0.60591 -0.57170 -0.51634 -0.44252 -0.35394 -0.25524 -0.15190 -0.05007 0.04366 0.12258 0.18017 0.21068 0.20857 0.17287 0.09460 0.00000
0.65769 0.62785 0.58111 0.51600 0.43477 0.33956 0.23336 0.11968 0.00243 -0.11421 -0.22601 -0.32885 -0.41888 -0.49273 -0.54763 -0.58153 -0.59324 -0.58245 -0.54987 -0.49717 -0.42710 -0.34339 -0.25075 -0.15473 -0.06146 0.02261 0.09123 0.13883 0.16130 0.15610 0.12477 0.06817 0.00000
0.63497 0.60552 0.55988 0.49669 0.41820 0.32645 0.22433 0.11515 0.00266 -0.10918 -0.21634 -0.31487 -0.40113 -0.47187 -0.52447 -0.55696 -0.56822 -0.55798 -0.52693 -0.47676 -0.41014 -0.33076 -0.24326 -0.15306 -0.06614 0.01137 0.07364 0.11584 0.13478 0.12933 0.10167 0.05550 0.00000
0.60614 0.57774 0.53394 0.47347 0.39851 0.31101 0.21371 0.10976 0.00270 -0.10370 -0.20562 -0.29932 -0.38134 -0.44862 -0.49863 -0.52954 -0.54027 -0.53058 -0.50115 -0.45359 -0.39051 -0.31546 -0.23288 -0.14800 -0.06652 0.00575 0.06342 0.10211 0.11918 0.11409 0.08912 0.04863 0.00000
0.57146 0.54457 0.50317 0.44610 0.37541 0.29295 0.20130 0.10341 0.00263 -0.09752 -0.19345 -0.28163 -0.35882 -0.42212 -0.46919 -0.49828 -0.50839 -0.49930 -0.47164 -0.42697 -0.36774 -0.29731 -0.21990 -0.14044 -0.06430 0.00308 0.05668 0.09252 0.10824 0.10358 0.08073 0.04405 0.00000
0.53128 0.50623 0.46770 0.41461 0.34889 0.27224 0.18707 0.09612 0.00248 -0.09056 -0.17967 -0.26158 -0.33328 -0.39208 -0.43580 -0.46283 -0.47222 -0.46379 -0.43812 -0.39666 -0.34170 -0.27637 -0.20460 -0.13097 -0.06048 0.00184 0.05135 0.08441 0.09890 0.09465 0.07372 0.04023 0.00000
0.48599 0.46305 0.42779 0.37922 0.31910 0.24899 0.17109 0.08791 0.00229 -0.08279 -0.16427 -0.23918 -0.30474 -0.35850 -0.39848 -0.42319 -0.43178 -0.42408 -0.40062 -0.36272 -0.31249 -0.25279 -0.18723 -0.11998 -0.05562 0.00125 0.04642 0.07656 0.08976 0.08592 0.06691 0.03651 0.00000
0.43601 0.41542 0.38378 0.34020 0.28626 0.22337 0.15348 0.07887 0.00206 -0.07426 -0.14735 -0.21454 -0.27335 -0.32158 -0.35744 -0.37960 -0.38731 -0.38040 -0.35936 -0.32538 -0.28033 -0.22680 -0.16801 -0.10771 -0.05002 0.00095 0.04142 0.06843 0.08026 0.07683 0.05983 0.03264 0.00000
0.38184 0.36381 0.33609 0.29792 0.25069 0.19561 0.13441 0.06907 0.00181 -0.06503 -0.12903 -0.18787 -0.23936 -0.28160 -0.31300 -0.33241 -0.33916 -0.33311 -0.31469 -0.28493 -0.24549 -0.19862 -0.14714 -0.09436 -0.04385 0.00077 0.03619 0.05982 0.07018 0.06719 0.05232 0.02855 0.00000
0.32399 0.30868 0.28517 0.25278 0.21270 0.16597 0.11404 0.05860 0.00153 -0.05517 -0.10948 -0.15940 -0.20309 -0.23892 -0.26557 -0.28204 -0.28776 -0.28263 -0.26700 -0.24175 -0.20829 -0.16852 -0.12485 -0.08007 -0.03723 0.00062 0.03067 0.05072 0.05951 0.05697 0.04436 0.02421 0.00000
0.26301 0.25059 0.23150 0.20521 0.17267 0.13473 0.09258 0.04757 0.00124 -0.04479 -0.08887 -0.12940 -0.16487 -0.19396 -0.21559 -0.22896 -0.23361 -0.22944 -0.21675 -0.19625 -0.16909 -0.13681 -0.10136 -0.06501 -0.03023 0.00050 0.02489 0.04116 0.04829 0.04624 0.03600 0.01965 0.00000
0.19951 0.19009 0.17561 0.15566 0.13098 0.10220 0.07023 0.03609 0.00094 -0.03397 -0.06741 -0.09815 -0.12506 -0.14712 -0.16353 -0.17367 -0.17720 -0.17404 -0.16441 -0.14887 -0.12826 -0.10378 -0.07689 -0.04931 -0.02293 0.00037 0.01888 0.03122 0.03663 0.03507 0.02731 0.01490 0.00000
0.13408 0.12775 0.11802 0.10462 0.08803 0.06869 0.04720 0.02425 0.00063 -0.02283 -0.04531 -0.06597 -0.08405 -0.09888 -0.10990 -0.11672 -0.11909 -0.11696 -0.11050 -0.10005 -0.08620 -0.06974 -0.05167 -0.03314 -0.01541 0.00025 0.01268 0.02098 0.02462 0.02357 0.01835 0.01001 0.00000
0.06737 0.06418 0.05929 0.05256 0.04423 0.03451 0.02371 0.01219 0.00032 -0.01147 -0.02276 -0.03314 -0.04223 -0.04968 -0.05522 -0.05864 -0.05983 -0.05877 -0.05552 -0.05027 -0.04331 -0.03504 -0.02596 -0.01665 -0.00774 0.00013 0.00637 0.01054 0.01237 0.01184 0.00922 0.00503 0.00000
0.00000 0.00000 0.00000 0.00000 0.00000 0.00000 0.00000 0.00000 0.00000 0.00000 0.00000 0.00000 0.00000 0.00000 0.00000 0.00000 0.00000 0.00000 0.00000 0.00000 0.00000 0.00000 0.00000 0.00000 0.00000 0.00000 0.00000 0.00000 0.00000 0.00000 0.00000 0.00000 0.00000

0.65377 0.64121 0.60400 0.54359 0.46229 0.36322 0.25019 0.12754 0.00000 -0.12754 -0.25019 -0.36322 -0.46229 -0.54359 -0.60400 -0.64121 -0.65377 -0.64121 -0.60400 -0.54359 -0.46229 -0.36322 -0.25019 -0.12754 -0.00000 0.12754 0.25019 0.36322 0.46229 0.54359 0.60400 0.64121 0.00000
0.65062 0.62521 0.58221 0.51976 0.43974 0.34441 0.23699 0.12127 0.00144 -0.11807 -0.23280 -0.33843 -0.43096 -0.50689 -0.56333 -0.59816 -0.61012 -0.59883 -0.56489 -0.50984 -0.43616 -0.34721 -0.24714 -0.14078 -0.03355 0.06872 0.15978 0.23291 0.28071 0.29304 0.26025 0.14270 0.00000
0.64121 0.61318 0.56847 0.50551 0.42644 0.33337 0.22930 0.11772 0.00255 -0.11208 -0.22197 -0.32306 -0.41158 -0.48419 -0.53820 -0.57160 -0.58322 -0.57280 -0.54101 -0.48949 -0.42085 -0.33862 -0.24718 -0.15162 -0.05756 0.02904 0.10219 0.15607 0.18553 0.18545 0.15484 0.08487 0.00000
0.62562 0.59684 0.55206 0.48993 0.41265 0.32226 0.22164 0.11407 0.00326 -0.10688 -0.21238 -0.30937 -0.39426 -0.46390 -0.51571 -0.54780 -0.55908 -0.54935 -0.51933 -0.47070 -0.40612 -0.32917 -0.24428 -0.15653 -0.07151 0.00511 0.06785 0.11193 0.13388 0.13147 0.10608 0.05813 0.00000
0.60400 0.57554 0.53176 0.47143 0.39676 0.30970 0.21299 0.10980 0.00361 -0.10185 -0.20281 -0.29560 -0.37679 -0.44340 -0.49295 -0.52368 -0.53456 -0.52541 -0.49699 -0.45096 -0.38995 -0.31748 -0.23790 -0.15619 -0.07768 -0.00777 0.04860 0.08739 0.10605 0.10374 0.08243 0.04519 0.00000
0.57657 0.54910 0.50704 0.44930 0.37798 0.29497 0.20288 0.10468 0.00370 -0.09654 -0.19248 -0.28063 -0.35776 -0.42102 -0.46811 -0.49731 -0.50769 -0.49910 -0.47226 -0.42880 -0.37125 -0.30303 -0.22829 -0.15181 -0.07866 -0.01389 0.03797 0.07338 0.09029 0.08843 0.06989 0.03834 0.00000
0.54359 0.51755 0.47779 0.42327 0.35602 0.27780 0.19107 0.09864 0.00362 -0.09069 -0.18093 -0.26383 -0.33637 -0.39587 -0.44015 -0.46763 -0.47742 -0.46939 -0.44423 -0.40349 -0.34958 -0.28572 -0.21586 -0.14448 -0.07637 -0.01621 0.03182 0.06453 0.08014 0.07867 0.06209 0.03407 0.00000
0.50537 0.48110 0.44408 0.39337 0.33084 0.25814 0.17756 0.09169 0.00343 -0.08416 -0.16796 -0.24494 -0.31230 -0.36755 -0.40867 -0.43419 -0.44329 -0.43586 -0.41253 -0.37477 -0.32481 -0.26566 -0.20099 -0.13497 -0.07202 -0.01649 0.02779 0.05791 0.07233 0.07110 0.05611 0.03080 0.00000
0.46229 0.44006 0.40618 0.35977 0.30257 0.23608 0.16238 0.08386 0.00317 -0.07691 -0.15353 -0.22391 -0.28549 -0.33600 -0.37359 -0.39693 -0.40525 -0.39847 -0.37716 -0.34267 -0.29704 -0.24303 -0.18399 -0.12375 -0.06634 -0.01571 0.02464 0.05209 0.06523 0.06419 0.05065 0.02781 0.00000
0.41475 0.39479 0.36439 0.32275 0.27143 0.21178 0.14567 0.07524 0.00285 -0.06897 -0.13769 -0.20082 -0.25605 -0.30136 -0.33508 -0.35601 -0.36348 -0.35739 -0.33829 -0.30737 -0.26647 -0.21805 -0.16513 -0.11115 -0.05971 -0.01436 0.02178 0.04636 0.05814 0.05724 0.04517 0.02480 0.00000
0.36322 0.34574 0.31911 0.28264 0.23770 0.18546 0.12757 0.06589 0.00250 -0.06039 -0.12057 -0.17584 -0.22421 -0.26388 -0.29340 -0.31173 -0.31827 -0.31295 -0.29623 -0.26915 -0.23334 -0.19096 -0.14464 -0.09739 -0.05237 -0.01268 0.01894 0.04045 0.05077 0.04999 0.03946 0.02166 0.00000
0.30818 0.29335 0.27076 0.23982 0.20168 0.15736 0.10824 0.05591 0.00213 -0.05124 -0.10229 -0.14919 -0.19023 -0.22388 -0.24893 -0.26448 -0.27003 -0.26552 -0.25133 -0.22837 -0.19799 -0.16203 -0.12274 -0.08265 -0.04447 -0.01080 0.01602 0.03427 0.04302 0.04236 0.03344 0.01836 0.00000
0.25019 0.23815 0.21980 0.19468 0.16372 0.12774 0.08787 0.04539 0.00173 -0.04159 -0.08304 -0.12111 -0.15442 -0.18174 -0.20208 -0.21470 -0.21921 -0.21554 -0.20403 -0.18539 -0.16072 -0.13154 -0.09964 -0.06711 -0.03611 -0.00878 0.01299 0.02780 0.03490 0.03437 0.02713 0.01490 0.00000
0.18978 0.18065 0.16673 0.14768 0.12419 0.09690 0.06665 0.03443 0.00131 -0.03155 -0.06299 -0.09187 -0.11713 -0.13786 -0.15329 -0.16286 -0.16628 -0.16350 -0.15476 -0.14062 -0.12192 -0.09978 -0.07559 -0.05091 -0.02739 -0.00667 0.00984 0.02108 0.02647 0.02607 0.02057 0.01130 0.00000
0.12754 0.12141 0.11205 0.09925 0.08347 0.06512 0.04479 0.02314 0.00088 -0.02120 -0.04233 -0.06174 -0.07872 -0.09265 -0.10302 -0.10945 -0.11175 -0.10988 -0.10401 -0.09451 -0.08194 -0.06706 -0.05080 -0.03421 -0.01841 -0.00448 0.00661 0.01416 0.01779 0.01752 0.01383 0.00759 0.00000
0.06408 0.06100 0.05630 0.04986 0.04193 0.03272 0.02251 0.01162 0.00044 -0.01065 -0.02127 -0.03102 -0.03955 -0.04655 -0.05176 -0.05499 -0.05615 -0.05521 -0.05226 -0.04748 -0.04117 -0.03369 -0.02552 -0.01719 -0.00925 -0.00225 0.00332 0.00712 0.00894 0.00880 0.00695 0.00381 0.00000
0.00000 0.00000 0.00000 0.00000 0.00000 0.00000 0.00000 0.00000 0.00000 0.00000 0.00000 0.00000 0.00000 0.00000 0.00000 0.00000 0.00000 0.00000 0.00000 0.00000 0.00000 0.00000 0.00000 0.00000 0.00000 0.00000 0.00000 0.00000 0.00000 0.00000 0.00000 0.00000 0.00000

0.62189 0.60994 0.57455 0.51708 0.43974 0.34550 0.23799 0.12132 0.00000 -0.12132 -0.23799 -0.34550 -0.43974 -0.51708 -0.57455 -0.60994 -0.62189 -0.60994 -0.57455 -0.51708 -0.43974 -0.34550 -0.23799 -0.12132 -0.00000 0.12132 0.23799 0.34550 0.43974 0.51708 0.57455 0.60994 0.00000
0.61889 0.59461 0.55362 0.49417 0.41805 0.32744 0.22541 0.11553 0.00179 -0.11162 -0.22046 -0.32066 -0.40842 -0.48044 -0.53401 -0.56712 -0.57859 -0.56810 -0.53622 -0.48446 -0.41518 -0.33155 -0.23749 -0.13754 -0.03672 0.05953 0.14545 0.21477 0.26054 0.27320 0.24349 0.13358 0.00000
0.60994 0.58307 0.54037 0.48039 0.40520 0.31680 0.21806 0.11230 0.00320 -0.10532 -0.20931 -0.30495 -0.38868 -0.45738 -0.50853 -0.54025 -0.55149 -0.54202 -0.51254 -0.46465 -0.40084 -0.32445 -0.23957 -0.15092 -0.06365 0.01684 0.08511 0.13590 0.16450 0.16612 0.13976 0.07675 0.00000
0.59511 0.56745 0.52463 0.46541 0.39193 0.30613 0.21075 0.10893 0.00413 -0.09994 -0.19957 -0.29113 -0.37125 -0.43700 -0.48597 -0.51643 -0.52741 -0.51875 -0.49121 -0.44644 -0.38698 -0.31622 -0.23827 -0.15781 -0.07985 -0.00950 0.04843 0.08975 0.11141 0.11138 0.09088 0.04999 0.00000
0.57455 0.54715 0.50525 0.44773 0.37672 0.29411 0.20252 0.10493 0.00462 -0.09490 -0.19010 -0.27755 -0.35406 -0.41685 -0.46363 -0.49279 -0.50340 -0.49540 -0.46953 -0.42745 -0.37168 -0.30555 -0.23307 -0.15878 -0.08747 -0.02387 0.02775 0.06394 0.08259 0.08298 0.06690 0.03689 0.00000
0.54845 0.52198 0.48171 0.42663 0.35882 0.28007 0.19289 0.10009 0.00478 -0.08973 -0.18011 -0.26310 -0.33570 -0.39528 -0.43969 -0.46740 -0.47756 -0.47011 -0.44581 -0.40627 -0.35392 -0.29197 -0.22428 -0.15516 -0.08912 -0.03056 0.01666 0.04960 0.06661 0.06759 0.05436 0.03005 0.00000
0.51708 0.49197 0.45388 0.40187 0.33793 0.26374 0.18167 0.09434 0.00470 -0.08416 -0.16912 -0.24713 -0.31537 -0.37136 -0.41311 -0.43917 -0.44876 -0.44185 -0.41914 -0.38219 -0.33329 -0.27549 -0.21242 -0.14814 -0.08689 -0.03270 0.01088 0.04124 0.05703 0.05835 0.04698 0.02601 0.00000
0.48072 0.45731 0.42184 0.37346 0.31401 0.24506 0.16881 0.08771 0.00447 -0.07803 -0.15690 -0.22931 -0.29265 -0.34463 -0.38338 -0.40758 -0.41651 -0.41013 -0.38913 -0.35493 -0.30969 -0.25625 -0.19798 -0.13864 -0.08216 -0.03226 0.00784 0.03579 0.05039 0.05184 0.04179 0.02317 0.00000
0.43974 0.41829 0.38582 0.34155 0.28716 0.22411 0.15438 0.08023 0.00414 -0.07128 -0.14337 -0.20956 -0.26745 -0.31496 -0.35038 -0.37251 -0.38068 -0.37487 -0.35571 -0.32450 -0.28322 -0.23447 -0.18133 -0.12725 -0.07580 -0.03035 0.00615 0.03159 0.04493 0.04637 0.03741 0.02075 0.00000
0.39452 0.37527 0.34613 0.30640 0.25760 0.20104 0.13850 0.07198 0.00373 -0.06391 -0.12856 -0.18792 -0.23984 -0.28245 -0.31421 -0.33406 -0.34139 -0.33619 -0.31902 -0.29106 -0.25407 -0.21039 -0.16279 -0.11436 -0.06828 -0.02761 0.00507 0.02785 0.03981 0.04115 0.03322 0.01843 0.00000
0.34550 0.32863 0.30311 0.26832 0.22558 0.17605 0.12128 0.06304 0.00328 -0.05595 -0.11256 -0.16453 -0.20999 -0.24730 -0.27511 -0.29249 -0.29892 -0.29437 -0.27934 -0.25486 -0.22249 -0.18426 -0.14261 -0.10023 -0.05992 -0.02433 0.00425 0.02419 0.03466 0.03586 0.02896 0.01607 0.00000
0.29315 0.27884 0.25718 0.22766 0.19140 0.14937 0.10290 0.05349 0.00279 -0.04746 -0.09549 -0.13959 -0.17816 -0.20981 -0.23341 -0.24815 -0.25360 -0.24975 -0.23700 -0.21624 -0.18878 -0.15635 -0.12102 -0.08508 -0.05089 -0.02071 0.00353 0.02044 0.02933 0.03035 0.02451 0.01361 0.00000
0.23799 0.22636 0.20878 0.18482 0.15538 0.12126 0.08354 0.04342 0.00226 -0.03853 -0.07752 -0.11331 -0.14462 -0.17032 -0.18947 -0.20144 -0.20587 -0.20274 -0.19239 -0.17554 -0.15325 -0.12693 -0.09826 -0.06908 -0.04133 -0.01684 0.00284 0.01656 0.02378 0.02461 0.01988 0.01103 0.00000
0.18052 0.17171 0.15837 0.14019 0.11786 0.09198 0.06337 0.03294 0.00172 -0.02922 -0.05880 -0.08595 -0.10970 -0.12919 -0.14372 -0.15280 -0.15616 -0.15378 -0.14593 -0.13315 -0.11625 -0.09628 -0.07453 -0.05241 -0.03136 -0.01278 0.00214 0.01255 0.01803 0.01866 0.01507 0.00837 0.00000
0.12132 0.11540 0.10644 0.09422 0.07921 0.06182 0.04259 0.02214 0.00115 -0.01964 -0.03952 -0.05776 -0.07373 -0.08682 -0.09659 -0.10269 -0.10495 -0.10335 -0.09808 -0.08949 -0.07813 -0.06471 -0.05009 -0.03522 -0.02108 -0.00859 0.00144 0.00843 0.01211 0.01254 0.01013 0.00562 0.00000
0.06096 0.05798 0.05348 0.04734 0.03980 0.03106 0.02140 0.01112 0.00058 -0.00987 -0.01985 -0.02902 -0.03704 -0.04362 -0.04853 -0.05159 -0.05273 -0.05193 -0.04928 -0.04496 -0.03925 -0.03251 -0.02517 -0.01770 -0.01059 -0.00432 0.00072 0.00424 0.00608 0.00630 0.00509 0.00282 0.00000
0.00000 0.00000 0.00000 0.00000 0.00000 0.00000 0.00000 0.00000 0.00000 0.00000 0.00000 0.00000 0.00000 0.00000 0.00000 0.00000 0.00000 0.00000 0.00000 0.00000 0.00000 0.00000 0.00000 0.00000 0.00000 0.00000 0.00000 0.00000 0.00000 0.00000 0.00000 0.00000 0.00000

0.97531 0.95657 0.90107 0.81094 0.68965 0.54185 0.37323 0.19027 0.00000 -0.19027 -0.37323 -0.54185 -0.68965 -0.81094 -0.90107 -0.95657 -0.97531 -0.95657 -0.90107 -0.81094 -0.68965 -0.54185 -0.37323 -0.19027 -0.00000 0.19027 0.37323 0.54185 0.68965 0.81094 0.90107 0.95657 0.00000
0.97061 0.94391 0.88623 0.79653 0.67703 0.53182 0.36628 0.18672 0.00001 -0.18670 -0.36624 -0.53170 -0.67672 -0.79574 -0.88418 -0.93864 -0.95703 -0.93864 -0.88418 -0.79574 -0.67673 -0.53172 -0.36631 -0.18690 -0.00049 0.18543 0.36296 0.52325 0.65497 0.73972 0.73991 0.56706 0.00000
0.95657 0.93026 0.87340 0.78501 0.66723 0.52412 0.36098 0.18402 0.00001 -0.18400 -0.36094 -0.52400 -0.66693 -0.78422 -0.87138 -0.92506 -0.94318 -0.92506 -0.87139 -0.78423 -0.66694 -0.52403 -0.36101 -0.18419 -0.00049 0.18275 0.35771 0.51568 0.64549 0.72902 0.72920 0.55885 0.00000
0.93331 0.90764 0.85217 0.76592 0.65101 0.51138 0.35221 0.17955 0.00001 -0.17953 -0.35216 -0.51126 -0.65071 -0.76516 -0.85020 -0.90257 -0.92025 -0.90257 -0.85020 -0.76516 -0.65072 -0.51129 -0.35224 -0.17972 -0.00048 0.17831 0.34901 0.50314 0.62980 0.71130 0.71147 0.54527 0.00000
0.90107 0.87628 0.82273 0.73946 0.62852 0.49371 0.34004 0.17335 0.00001 -0.17333 -0.34000 -0.49360 -0.62823 -0.73872 -0.82083 -0.87138 -0.88846 -0.87138 -0.82083 -0.73873 -0.62824 -0.49363 -0.34007 -0.17351 -0.00046 0.17215 0.33695 0.48576 0.60804 0.68672 0.68689 0.52643 0.00000
0.86015 0.83648 0.78536 0.70588 0.59998 0.47129 0.32460 0.16547 0.00001 -0.16545 -0.32456 -0.47118 -0.59970 -0.70517 -0.78355 -0.83181 -0.84811 -0.83181 -0.78355 -0.70518 -0.59971 -0.47121 -0.32462 -0.16563 -0.00044 0.16433 0.32165 0.46370 0.58043 0.65553 0.65570 0.50252 0.00000
0.81094 0.78863 0.74043 0.66550 0.56565 0.44433 0.30603 0.15601 0.00001 -0.15599 -0.30599 -0.44423 -0.56539 -0.66483 -0.73872 -0.78422 -0.79959 -0.78423 -0.73873 -0.66484 -0.56540 -0.44425 -0.30605 -0.15615 -0.00041 0.15493 0.30325 0.43717 0.54722 0.61803 0.61819 0.47377 0.00000
0.75392 0.73318 0.68838 0.61871 0.52588 0.41309 0.28451 0.14504 0.00001 -0.14502 -0.28447 -0.41299 -0.52564 -0.61809 -0.68679 -0.72909 -0.74337 -0.72909 -0.68679 -0.61809 -0.52565 -0.41302 -0.28453 -0.14517 -0.00038 0.14404 0.28193 0.40644 0.50875 0.57458 0.57472 0.44046 0.00000
0.68965 0.67068 0.62969 0.56596 0.48105 0.37787 0.26026 0.13267 0.00000 -0.13266 -0.26022 -0.37778 -0.48083 -0.56539 -0.62823 -0.66693 -0.67999 -0.66693 -0.62823 -0.56540 -0.48084 -0.37781 -0.26028 -0.13280 -0.00035 0.13176 0.25789 0.37178 0.46538 0.52559 0.52572 0.40291 0.00000
0.61873 0.60171 0.56494 0.50776 0.43158 0.33901 0.23349 0.11903 0.00000 -0.11902 -0.23346 -0.33894 -0.43138 -0.50725 -0.56363 -0.59835 -0.61007 -0.59835 -0.56363 -0.50726 -0.43139 -0.33895 -0.23351 -0.11914 -0.00032 0.11821 0.23137 0.33355 0.41752 0.47155 0.47166 0.36148 0.00000
0.54185 0.52695 0.49474 0.44467 0.37796 0.29689 0.20448 0.10424 0.00000 -0.10423 -0.20445 -0.29682 -0.37778 -0.44423 -0.49360 -0.52400 -0.53427 -0.52400 -0.49360 -0.44423 -0.37779 -0.29684 -0.20450 -0.10434 -0.00028 0.10352 0.20263 0.29211 0.36564 0.41296 0.41306 0.31656 0.00000
0.45976 0.44711 0.41979 0.37730 0.32069 0.25191 0.17350 0.08845 0.00000 -0.08844 -0.17348 -0.25185 -0.32055 -0.37692 -0.41881 -0.44461 -0.45332 -0.44461 -0.41882 -0.37693 -0.32055 -0.25187 -0.17351 -0.08853 -0.00023 0.08784 0.17193 0.24785 0.31025 0.35039 0.35048 0.26860 0.00000
0.37323 0.36297 0.34078 0.30630 0.26034 0.20450 0.14085 0.07180 0.00000 -0.07179 -0.14083 -0.20446 -0.26022 -0.30599 -0.34000 -0.36094 -0.36801 -0.36094 -0.34000 -0.30599 -0.26023 -0.20447 -0.14086 -0.07187 -0.00019 0.07131 0.13957 0.20121 0.25186 0.28445 0.28452 0.21805 0.00000
0.28312 0.27533 0.25850 0.23234 0.19748 0.15512 0.10684 0.05447 0.00000 -0.05446 -0.10683 -0.15509 -0.19739 -0.23211 -0.25790 -0.27379 -0.27915 -0.27379 -0.25791 -0.23211 -0.19740 -0.15510 -0.10685 -0.05452 -0.00014 0.05409 0.10587 0.15263 0.19105 0.21577 0.21582 0.16540 0.00000
0.19027 0.18504 0.17373 0.15615 0.13272 0.10425 0.07180 0.03660 0.00000 -0.03660 -0.07180 -0.10423 -0.13266 -0.15599 -0.17333 -0.18401 -0.18761 -0.18401 -0.17333 -0.15599 -0.13266 -0.10424 -0.07181 -0.03664 -0.00010 0.03635 0.07115 0.10258 0.12840 0.14501 0.14505 0.11116 0.00000
0.09560 0.09297 0.08729 0.07845 0.06668 0.05238 0.03608 0.01839 0.00000 -0.01839 -0.03607 -0.05237 -0.06665 -0.07837 -0.08708 -0.09245 -0.09426 -0.09245 -0.08708 -0.07837 -0.06665 -0.05237 -0.03608 -0.01841 -0.00005 0.01826 0.03575 0.05154 0.06451 0.07286 0.07287 0.05585 0.00000
0.00000 0.00000 0.00000 0.00000 0.00000 0.00000 0.00000 0.00000 0.00000 0.00000 0.00000 0.00000 0.00000 0.00000 0.00000 0.00000 0.00000 0.00000 0.00000 0.00000 0.00000 0.00000 0.00000 0.00000 0.00000 0.00000 0.00000 0.00000 0.00000 0.00000 0.00000 0.00000 0.00000

0.92774 0.90992 0.85712 0.77139 0.65601 0.51543 0.35503 0.18099 0.00000 -0.18099 -0.35503 -0.51543 -0.65601 -0.77139 -0.85712 -0.90992 -0.92774 -0.90992 -0.85712 -0.77139 -0.65601 -0.51543 -0.35503 -0.18099 -0.00000 0.18099 0.35503 0.51543 0.65601 0.77139 0.85712 0.90992 0.00000
0.92328 0.89960 0.84451 0.75873 0.64470 0.50633 0.34870 0.17776 0.00002 -0.17770 -0.34858 -0.50606 -0.64409 -0.75737 -0.84155 -0.89338 -0.91089 -0.89339 -0.84156 -0.75739 -0.64414 -0.50617 -0.34885 -0.17835 -0.00152 0.17412 0.34023 0.48679 0.60025 0.65935 0.62746 0.44085 0.00000
0.90992 0.88724 0.83286 0.74816 0.63564 0.49918 0.34376 0.17524 0.00003 -0.17516 -0.34361 -0.49885 -0.63492 -0.74658 -0.82956 -0.88066 -0.89791 -0.88066 -0.82957 -0.74661 -0.63498 -0.49899 -0.34396 -0.17598 -0.00190 0.17074 0.33338 0.47557 0.58286 0.63288 0.58920 0.39682 0.00000
0.88780 0.86592 0.81283 0.73012 0.62029 0.48711 0.33544 0.17100 0.00003 -0.17092 -0.33529 -0.48676 -0.61954 -0.72850 -0.80946 -0.85932 -0.87616 -0.85933 -0.80947 -0.72852 -0.61960 -0.48692 -0.33565 -0.17179 -0.00201 0.16625 0.32454 0.46241 0.56536 0.61103 0.56374 0.37279 0.00000
0.85712 0.83610 0.78483 0.70495 0.59890 0.47030 0.32387 0.16510 0.00003 -0.16502 -0.32371 -0.46996 -0.59815 -0.70335 -0.78153 -0.82966 -0.84592 -0.82967 -0.78154 -0.70338 -0.59822 -0.47012 -0.32408 -0.16588 -0.00200 0.16038 0.31305 0.44582 0.54456 0.58745 0.54001 0.35443 0.00000
0.81820 0.79816 0.74922 0.67296 0.57171 0.44895 0.30916 0.15760 0.00003 -0.15753 -0.30902 -0.44863 -0.57100 -0.67142 -0.74604 -0.79200 -0.80751 -0.79200 -0.74605 -0.67145 -0.57106 -0.44878 -0.30937 -0.15836 -0.00193 0.15305 0.29872 0.42534 0.51935 0.55983 0.51387 0.33624 0.00000
0.77139 0.75252 0.70637 0.63447 0.53901 0.42327 0.29148 0.14859 0.00003 -0.14852 -0.29134 -0.42296 -0.53833 -0.63301 -0.70337 -0.74669 -0.76132 -0.74670 -0.70338 -0.63304 -0.53839 -0.42311 -0.29167 -0.14931 -0.00183 0.14428 0.28160 0.40092 0.48945 0.52745 0.48385 0.31621 0.00000
0.71716 0.69961 0.65671 0.58986 0.50112 0.39351 0.27099 0.13814 0.00002 -0.13807 -0.27086 -0.39323 -0.50049 -0.58851 -0.65392 -0.69420 -0.70780 -0.69420 -0.65393 -0.58853 -0.50054 -0.39336 -0.27117 -0.13881 -0.00170 0.13413 0.26178 0.37270 0.45497 0.49023 0.44960 0.29368 0.00000
0.65601 0.63997 0.60073 0.53958 0.45839 0.35997 0.24788 0.12636 0.00002 -0.12630 -0.24777 -0.35970 -0.45782 -0.53834 -0.59817 -0.63501 -0.64745 -0.63501 -0.59818 -0.53836 -0.45787 -0.35982 -0.24805 -0.12698 -0.00156 0.12269 0.23946 0.34091 0.41616 0.44839 0.41118 0.26852 0.00000
0.58855 0.57416 0.53895 0.48409 0.41126 0.32295 0.22239 0.11337 0.00002 -0.11331 -0.22229 -0.32271 -0.41074 -0.48298 -0.53666 -0.56971 -0.58087 -0.56971 -0.53666 -0.48300 -0.41078 -0.32282 -0.22254 -0.11392 -0.00140 0.11007 0.21483 0.30585 0.37335 0.40226 0.36887 0.24087 0.00000
0.51543 0.50282 0.47199 0.42394 0.36016 0.28282 0.19476 0.09928 0.00002 -0.09924 -0.19467 -0.28262 -0.35970 -0.42297 -0.46998 -0.49893 -0.50870 -0.49893 -0.46998 -0.42298 -0.35974 -0.28271 -0.19489 -0.09976 -0.00123 0.09640 0.18814 0.26785 0.32696 0.35227 0.32302 0.21093 0.00000
0.43734 0.42664 0.40048 0.35971 0.30559 0.23997 0.16525 0.08424 0.00001 -0.08420 -0.16517 -0.23980 -0.30521 -0.35889 -0.39877 -0.42333 -0.43163 -0.42334 -0.39878 -0.35890 -0.30524 -0.23988 -0.16536 -0.08465 -0.00104 0.08179 0.15963 0.22727 0.27742 0.29890 0.27408 0.17896 0.00000
0.35503 0.34635 0.32511 0.29202 0.24808 0.19481 0.13415 0.06839 0.00001 -0.06835 -0.13409 -0.19467 -0.24777 -0.29135 -0.32373 -0.34367 -0.35040 -0.34367 -0.32373 -0.29136 -0.24780 -0.19473 -0.13424 -0.06872 -0.00084 0.06640 0.12959 0.18450 0.22521 0.24264 0.22250 0.14528 0.00000
0.26931 0.26272 0.24661 0.22151 0.18818 0.14778 0.10176 0.05187 0.00001 -0.05185 -0.10171 -0.14767 -0.18795 -0.22100 -0.24556 -0.26069 -0.26580 -0.26069 -0.24557 -0.22101 -0.18797 -0.14772 -0.10183 -0.05213 -0.00064 0.05037 0.09830 0.13995 0.17083 0.18406 0.16877 0.11020 0.00000
0.18099 0.17657 0.16574 0.14887 0.12647 0.09931 0.06839 0.03486 0.00001 -0.03485 -0.06836 -0.09924 -0.12631 -0.14853 -0.16503 -0.17520 -0.17863 -0.17520 -0.16504 -0.14853 -0.12633 -0.09928 -0.06844 -0.03503 -0.00043 0.03385 0.06606 0.09406 0.11481 0.12370 0.11343 0.07406 0.00000
0.09093 0.08871 0.08327 0.07479 0.06354 0.04990 0.03436 0.01752 0.00000 -0.01751 -0.03434 -0.04986 -0.06346 -0.07462 -0.08292 -0.08802 -0.08975 -0.08802 -0.08292 -0.07463 -0.06347 -0.04988 -0.03438 -0.01760 -0.00022 0.01701 0.03319 0.04726 0.05768 0.06215 0.05699 0.03721 0.00000
0.00000 0.00000 0.00000 0.00000 0.00000 0.00000 0.00000 0.00000 0.00000 0.00000 0.00000 0.00000 0.00000 0.00000 0.00000 0.00000 0.00000 0.00000 0.00000 0.00000 0.00000 0.00000 0.00000 0.00000 0.00000 0.00000 0.00000 0.00000 0.00000 0.00000 0.00000 0.00000 0.00000

0.88250 0.86554 0.81532 0.73377 0.62402 0.49029 0.33772 0.17217 0.00000 -0.17217 -0.33772 -0.49029 -0.62402 -0.73377 -0.81532 -0.86554 -0.88250 -0.86554 -0.81532 -0.73377 -0.62402 -0.49029 -0.33772 -0.17217 -0.00000 0.17217 0.33772 0.49029 0.62402 0.73377 0.81532 0.86554 0.00000
0.87825 0.85639 0.80412 0.72241 0.61377 0.48198 0.33191 0.16920 0.00004 -0.16909 -0.33171 -0.48158 -0.61294 -0.72074 -0.80084 -0.85017 -0.86683 -0.85018 -0.80086 -0.72079 -0.61306 -0.48185 -0.33233 -0.17046 -0.00298 0.16261 0.31776 0.45210 0.55186 0.59706 0.55690 0.38317 0.00000
0.86554 0.84504 0.79353 0.71276 0.60545 0.47539 0.32734 0.16687 0.00006 -0.16672 -0.32707 -0.47484 -0.60436 -0.71066 -0.78964 -0.83828 -0.85471 -0.83829 -0.78967 -0.71073 -0.60454 -0.47524 -0.32797 -0.16870 -0.00427 0.15757 0.30771 0.43482 0.52380 0.55371 0.49642 0.31947 0.00000
0.84450 0.82495 0.77470 0.69580 0.59100 0.46401 0.31950 0.16287 0.00007 -0.16270 -0.31919 -0.46340 -0.58980 -0.69354 -0.77062 -0.81809 -0.83412 -0.81810 -0.77066 -0.69363 -0.59001 -0.46386 -0.32021 -0.16495 -0.00482 0.15244 0.29762 0.41917 0.50169 0.52429 0.46074 0.28625 0.00000
0.81532 0.79664 0.74814 0.67193 0.57069 0.44806 0.30851 0.15727 0.00007 -0.15709 -0.30819 -0.44744 -0.56949 -0.66965 -0.74408 -0.78991 -0.80539 -0.78992 -0.74412 -0.66974 -0.56970 -0.44791 -0.30925 -0.15941 -0.00495 0.14657 0.28614 0.40237 0.48012 0.49906 0.43445 0.26541 0.00000
0.77829 0.76055 0.71426 0.64148 0.54483 0.42774 0.29452 0.15014 0.00007 -0.14996 -0.29421 -0.42714 -0.54365 -0.63927 -0.71032 -0.75407 -0.76885 -0.75409 -0.71036 -0.63936 -0.54386 -0.42761 -0.29525 -0.15224 -0.00486 0.13965 0.27261 0.38307 0.45645 0.47329 0.41025 0.24871 0.00000
0.73377 0.71707 0.67343 0.60481 0.51368 0.40329 0.27768 0.14155 0.00006 -0.14139 -0.27738 -0.40271 -0.51256 -0.60271 -0.66970 -0.71095 -0.72488 -0.71096 -0.66974 -0.60280 -0.51276 -0.40316 -0.27837 -0.14356 -0.00464 0.13154 0.25678 0.36072 0.42954 0.44489 0.38488 0.23254 0.00000
0.68218 0.66667 0.62610 0.56230 0.47758 0.37494 0.25816 0.13160 0.00006 -0.13145 -0.25788 -0.37440 -0.47653 -0.56034 -0.62262 -0.66097 -0.67392 -0.66098 -0.62265 -0.56042 -0.47671 -0.37482 -0.25881 -0.13348 -0.00434 0.12224 0.23863 0.33517 0.39900 0.41305 0.35702 0.21539 0.00000
0.62402 0.60984 0.57273 0.51437 0.43686 0.34298 0.23615 0.12038 0.00005 -0.12024 -0.23590 -0.34248 -0.43590 -0.51257 -0.56954 -0.60462 -0.61647 -0.60463 -0.56957 -0.51265 -0.43607 -0.34287 -0.23675 -0.12210 -0.00398 0.11180 0.21825 0.30651 0.36484 0.37760 0.32626 0.19669 0.00000
0.55985 0.54713 0.51384 0.46148 0.39194 0.30771 0.21187 0.10800 0.00005 -0.10788 -0.21164 -0.30727 -0.39108 -0.45986 -0.51097 -0.54245 -0.55308 -0.54246 -0.51100 -0.45993 -0.39123 -0.30761 -0.21240 -0.10955 -0.00357 0.10030 0.19579 0.27496 0.32726 0.33868 0.29257 0.17633 0.00000
0.49029 0.47915 0.44999 0.40414 0.34324 0.26948 0.18554 0.09458 0.00004 -0.09447 -0.18535 -0.26909 -0.34249 -0.40273 -0.44749 -0.47505 -0.48436 -0.47506 -0.44751 -0.40278 -0.34262 -0.26939 -0.18601 -0.09594 -0.00313 0.08783 0.17145 0.24078 0.28658 0.29656 0.25617 0.15437 0.00000
0.41601 0.40656 0.38182 0.34291 0.29124 0.22865 0.15743 0.08025 0.00004 -0.08016 -0.15726 -0.22832 -0.29060 -0.34171 -0.37969 -0.40308 -0.41098 -0.40308 -0.37971 -0.34176 -0.29071 -0.22858 -0.15783 -0.08140 -0.00266 0.07452 0.14547 0.20430 0.24315 0.25161 0.21734 0.13096 0.00000
0.33772 0.33005 0.30996 0.27838 0.23643 0.18562 0.12781 0.06515 0.00003 -0.06507 -0.12767 -0.18535 -0.23591 -0.27740 -0.30823 -0.32722 -0.33363 -0.32723 -0.30825 -0.27744 -0.23600 -0.18556 -0.12813 -0.06609 -0.00216 0.06050 0.11810 0.16585 0.19739 0.20425 0.17643 0.10631 0.00000
0.25618 0.25036 0.23512 0.21116 0.17934 0.14080 0.09695 0.04942 0.00002 -0.04936 -0.09684 -0.14060 -0.17895 -0.21042 -0.23381 -0.24821 -0.25308 -0.24822 -0.23382 -0.21045 -0.17902 -0.14076 -0.09719 -0.05013 -0.00164 0.04589 0.08958 0.12580 0.14973 0.15493 0.13383 0.08064 0.00000
0.17217 0.16826 0.15802 0.14192 0.12053 0.09463 0.06515 0.03321 0.00002 -0.03317 -0.06508 -0.09449 -0.12027 -0.14142 -0.15714 -0.16682 -0.17008 -0.16682 -0.15715 -0.14144 -0.12031 -0.09460 -0.06532 -0.03369 -0.00110 0.03084 0.06020 0.08455 0.10063 0.10413 0.08994 0.05419 0.00000
0.08650 0.08453 0.07939 0.07130 0.06056 0.04754 0.03273 0.01669 0.00001 -0.01667 -0.03270 -0.04747 -0.06042 -0.07105 -0.07895 -0.08381 -0.08545 -0.08381 -0.07895 -0.07106 -0.06045 -0.04753 -0.03282 -0.01693 -0.00055 0.01549 0.03025 0.04248 0.05056 0.05231 0.04519 0.02723 0.00000
0.00000 0.00000 0.00000 0.00000 0.00000 0.00000 0.00000 0.00000 0.00000 0.00000 0.00000 0.00000 0.00000 0.00000 0.00000 0.00000 0.00000 0.00000 0.00000 0.00000 0.00000 0.00000 0.00000 0.00000 0.00000 0.00000 0.00000 0.00000 0.00000 0.00000 0.00000 0.00000 0.00000

0.83946 0.82333 0.77556 0.69798 0.59359 0.46638 0.32125 0.16377 0.00000 -0.16377 -0.32125 -0.46638 -0.59359 -0.69798 -0.77556 -0.82333 -0.83946 -0.82333 -0.77556 -0.69798 -0.59359 -0.46638 -0.32125 -0.16377 -0.00000 0.16377 0.32125 0.46638 0.59359 0.69798 0.77556 0.82333 0.00000
0.83541 0.81495 0.76537 0.68764 0.58421 0.45876 0.31591 0.16105 0.00006 -0.16088 -0.31563 -0.45824 -0.58323 -0.68581 -0.76204 -0.80898 -0.82483 -0.80900 -0.76209 -0.68593 -0.58348 -0.45876 -0.31674 -0.16321 -0.00475 0.15124 0.29626 0.42013 0.50983 0.54747 0.50694 0.34757 0.00000
0.82333 0.80439 0.75564 0.67880 0.57658 0.45269 0.31170 0.15890 0.00010 -0.15866 -0.31129 -0.45194 -0.57522 -0.67639 -0.75157 -0.79787 -0.81351 -0.79790 -0.75165 -0.67657 -0.57561 -0.45278 -0.31305 -0.16232 -0.00738 0.14392 0.28229 0.39642 0.47204 0.49122 0.43268 0.27457 0.00000
0.80331 0.78543 0.73794 0.66286 0.56299 0.44198 0.30431 0.15514 0.00012 -0.15485 -0.30383 -0.44112 -0.56146 -0.66021 -0.73359 -0.77878 -0.79405 -0.77881 -0.73368 -0.66043 -0.56193 -0.44213 -0.30594 -0.15920 -0.00872 0.13755 0.27009 0.37723 0.44445 0.45436 0.38887 0.23564 0.00000
0.77556 0.75857 0.71277 0.64024 0.54376 0.42687 0.29390 0.14983 0.00012 -0.14952 -0.29339 -0.42597 -0.54217 -0.63753 -0.70839 -0.75203 -0.76677 -0.75207 -0.70849 -0.63776 -0.54267 -0.42704 -0.29563 -0.15414 -0.00922 0.13129 0.25799 0.35929 0.42094 0.42631 0.35935 0.21247 0.00000
0.74033 0.72424 0.68055 0.61130 0.51917 0.40755 0.28060 0.14305 0.00012 -0.14274 -0.28010 -0.40667 -0.51760 -0.60864 -0.67629 -0.71795 -0.73203 -0.71799 -0.67639 -0.60887 -0.51810 -0.40774 -0.28234 -0.14736 -0.00921 0.12457 0.24489 0.34056 0.39785 0.40101 0.33545 0.19594 0.00000
0.69798 0.68287 0.64169 0.57640 0.48952 0.38427 0.26457 0.13488 0.00012 -0.13458 -0.26409 -0.38342 -0.48801 -0.57385 -0.63763 -0.67691 -0.69018 -0.67695 -0.63773 -0.57408 -0.48850 -0.38446 -0.26625 -0.13904 -0.00888 0.11708 0.23021 0.31992 0.37320 0.37529 0.31277 0.18163 0.00000
0.64891 0.63488 0.59661 0.53590 0.45512 0.35727 0.24598 0.12540 0.00011 -0.12512 -0.24552 -0.35647 -0.45371 -0.53352 -0.59282 -0.62933 -0.64168 -0.62937 -0.59291 -0.53373 -0.45417 -0.35745 -0.24756 -0.12932 -0.00835 0.10867 0.21372 0.29689 0.34609 0.34763 0.28920 0.16748 0.00000
0.59359 0.58077 0.54576 0.49022 0.41633 0.32682 0.22501 0.11471 0.00010 -0.11446 -0.22459 -0.32608 -0.41504 -0.48804 -0.54228 -0.57569 -0.58698 -0.57572 -0.54237 -0.48823 -0.41546 -0.32698 -0.22647 -0.11832 -0.00768 0.09933 0.19535 0.27133 0.31619 0.31742 0.26384 0.15260 0.00000
0.53255 0.52105 0.48964 0.43982 0.37352 0.29321 0.20187 0.10292 0.00009 -0.10269 -0.20150 -0.29255 -0.37236 -0.43785 -0.48652 -0.51649 -0.52662 -0.51652 -0.48660 -0.43803 -0.37274 -0.29336 -0.20319 -0.10616 -0.00691 0.08908 0.17520 0.24332 0.28351 0.28453 0.23640 0.13665 0.00000
0.46638 0.45631 0.42881 0.38517 0.32711 0.25678 0.17679 0.09013 0.00008 -0.08993 -0.17646 -0.25621 -0.32610 -0.38345 -0.42607 -0.45232 -0.46119 -0.45235 -0.42614 -0.38361 -0.32643 -0.25692 -0.17795 -0.09297 -0.00606 0.07800 0.15341 0.21304 0.24821 0.24907 0.20690 0.11956 0.00000
0.39572 0.38718 0.36384 0.32682 0.27755 0.21788 0.15001 0.07648 0.00007 -0.07630 -0.14973 -0.21739 -0.27669 -0.32536 -0.36152 -0.38379 -0.39132 -0.38381 -0.36158 -0.32549 -0.27697 -0.21799 -0.15099 -0.07889 -0.00515 0.06617 0.13015 0.18074 0.21057 0.21129 0.17550 0.10140 0.00000
0.32125 0.31431 0.29537 0.26531 0.22532 0.17688 0.12178 0.06208 0.00006 -0.06194 -0.12155 -0.17648 -0.22462 -0.26413 -0.29348 -0.31156 -0.31767 -0.31158 -0.29353 -0.26423 -0.22485 -0.17697 -0.12257 -0.06404 -0.00418 0.05372 0.10565 0.14672 0.17093 0.17151 0.14245 0.08230 0.00000
0.24368 0.23842 0.22405 0.20125 0.17092 0.13417 0.09237 0.04709 0.00004 -0.04699 -0.09220 -0.13387 -0.17038 -0.20035 -0.22262 -0.23634 -0.24097 -0.23635 -0.22266 -0.20043 -0.17056 -0.13424 -0.09298 -0.04858 -0.00317 0.04075 0.08014 0.11129 0.12965 0.13009 0.10805 0.06242 0.00000
0.16377 0.16024 0.15058 0.13526 0.11487 0.09017 0.06208 0.03165 0.00003 -0.03158 -0.06197 -0.08997 -0.11451 -0.13465 -0.14962 -0.15883 -0.16195 -0.15884 -0.14964 -0.13471 -0.11463 -0.09022 -0.06249 -0.03265 -0.00213 0.02738 0.05386 0.07479 0.08713 0.08743 0.07261 0.04195 0.00000
0.08228 0.08051 0.07565 0.06796 0.05771 0.04530 0.03119 0.01590 0.00001 -0.01587 -0.03113 -0.04520 -0.05753 -0.06765 -0.07517 -0.07980 -0.08137 -0.07981 -0.07518 -0.06768 -0.05759 -0.04533 -0.03139 -0.01640 -0.00107 0.01376 0.02706 0.03758 0.04378 0.04392 0.03648 0.02108 0.00000
0.00000 0.00000 0.00000 0.00000 0.00000 0.00000 0.00000 0.00000 0.00000 0.00000 0.00000 0.00000 0.00000 0.00000 0.00000 0.00000 0.00000 0.00000 0.00000 0.00000 0.00000 0.00000 0.00000 0.00000 0.00000 0.00000 0.00000 0.00000 0.00000 0.00000 0.00000 0.00000 0.00000

0.79852 0.78317 0.73773 0.66394 0.56464 0.44363 0.30558 0.15578 0.00000 -0.15578 -0.30558 -0.44363 -0.56464 -0.66394 -0.73773 -0.78317 -0.79852 -0.78317 -0.73773 -0.66394 -0.56464 -0.44363 -0.30558 -0.15578 -0.00000 0.15578 0.30558 0.44363 0.56464 0.66394 0.73773 0.78317 0.00000
0.79467 0.77540 0.72835 0.65443 0.55601 0.43661 0.30066 0.15328 0.00009 -0.15306 -0.30031 -0.43601 -0.55494 -0.65255 -0.72508 -0.76974 -0.78484 -0.76978 -0.72517 -0.65275 -0.55537 -0.43687 -0.30205 -0.15653 -0.00668 0.14026 0.27606 0.39103 0.47313 0.50645 0.46806 0.32126 0.00000
0.78317 0.76551 0.71933 0.64628 0.54898 0.43102 0.29678 0.15131 0.00015 -0.15097 -0.29624 -0.43011 -0.54744 -0.64373 -0.71528 -0.75935 -0.77425 -0.75942 -0.71545 -0.64408 -0.54816 -0.43157 -0.29916 -0.15670 -0.01092 0.13039 0.25814 0.36152 0.42764 0.44140 0.38600 0.24428 0.00000
0.76413 0.74757 0.70266 0.63129 0.53621 0.42096 0.28984 0.14778 0.00018 -0.14736 -0.28919 -0.41989 -0.53443 -0.62844 -0.69829 -0.74131 -0.75586 -0.74139 -0.69849 -0.62887 -0.53533 -0.42170 -0.29281 -0.15443 -0.01337 0.12239 0.24343 0.33861 0.39500 0.39861 0.33667 0.20219 0.00000
0.73773 0.72207 0.67880 0.60987 0.51800 0.40664 0.27997 0.14276 0.00019 -0.14230 -0.27928 -0.40550 -0.51613 -0.60692 -0.67438 -0.71593 -0.72999 -0.71602 -0.67460 -0.60740 -0.51712 -0.40749 -0.28323 -0.14999 -0.01449 0.11537 0.23022 0.31901 0.36915 0.36770 0.30442 0.17739 0.00000
0.70423 0.68944 0.64819 0.58238 0.49464 0.38829 0.26734 0.13632 0.00019 -0.13586 -0.26664 -0.38715 -0.49278 -0.57945 -0.64386 -0.68354 -0.69696 -0.68363 -0.64409 -0.57994 -0.49378 -0.38918 -0.27066 -0.14368 -0.01470 0.10861 0.21716 0.30029 0.34596 0.34215 0.28022 0.16069 0.00000
0.66394 0.65008 0.61121 0.54916 0.46642 0.36614 0.25209 0.12854 0.00019 -0.12809 -0.25141 -0.36504 -0.46463 -0.54636 -0.60709 -0.64450 -0.65715 -0.64458 -0.60731 -0.54684 -0.46561 -0.36702 -0.25534 -0.13572 -0.01432 0.10159 0.20338 0.28093 0.32289 0.31813 0.25908 0.14737 0.00000
0.61726 0.60441 0.56829 0.51060 0.43367 0.34043 0.23438 0.11952 0.00018 -0.11909 -0.23374 -0.33939 -0.43198 -0.50797 -0.56443 -0.59921 -0.61098 -0.59930 -0.56465 -0.50842 -0.43292 -0.34127 -0.23746 -0.12631 -0.01354 0.09404 0.18840 0.26008 0.29856 0.29359 0.23841 0.13507 0.00000
0.56464 0.55290 0.51986 0.46709 0.39672 0.31142 0.21441 0.10933 0.00017 -0.10894 -0.21382 -0.31046 -0.39516 -0.46467 -0.51633 -0.54814 -0.55890 -0.54822 -0.51652 -0.46509 -0.39603 -0.31220 -0.21726 -0.11561 -0.01251 0.08583 0.17201 0.23738 0.27232 0.26752 0.21693 0.12266 0.00000
0.50657 0.49605 0.46642 0.41907 0.35593 0.27940 0.19237 0.09809 0.00015 -0.09774 -0.19184 -0.27854 -0.35453 -0.41690 -0.46324 -0.49178 -0.50144 -0.49185 -0.46341 -0.41727 -0.35531 -0.28011 -0.19494 -0.10375 -0.01127 0.07691 0.15416 0.21272 0.24395 0.23953 0.19409 0.10964 0.00000
0.44363 0.43442 0.40847 0.36701 0.31171 0.24469 0.16847 0.08591 0.00013 -0.08560 -0.16800 -0.24393 -0.31048 -0.36510 -0.40568 -0.43068 -0.43914 -0.43074 -0.40584 -0.36543 -0.31117 -0.24531 -0.17072 -0.09088 -0.00990 0.06731 0.13493 0.18617 0.21347 0.20955 0.16973 0.09584 0.00000
0.37642 0.36861 0.34658 0.31140 0.26449 0.20762 0.14294 0.07289 0.00011 -0.07263 -0.14255 -0.20698 -0.26344 -0.30978 -0.34422 -0.36543 -0.37261 -0.36548 -0.34435 -0.31007 -0.26403 -0.20815 -0.14486 -0.07711 -0.00841 0.05709 0.11445 0.15791 0.18105 0.17770 0.14391 0.08124 0.00000
0.30558 0.29924 0.28136 0.25280 0.21471 0.16855 0.11604 0.05917 0.00009 -0.05896 -0.11572 -0.16803 -0.21387 -0.25149 -0.27944 -0.29666 -0.30249 -0.29670 -0.27955 -0.25172 -0.21434 -0.16898 -0.11760 -0.06260 -0.00683 0.04634 0.09290 0.12817 0.14695 0.14422 0.11678 0.06592 0.00000
0.23180 0.22699 0.21343 0.19176 0.16287 0.12785 0.08802 0.04489 0.00007 -0.04472 -0.08778 -0.12746 -0.16223 -0.19076 -0.21197 -0.22503 -0.22945 -0.22506 -0.21205 -0.19094 -0.16259 -0.12818 -0.08921 -0.04749 -0.00519 0.03515 0.07046 0.09722 0.11146 0.10938 0.08857 0.04999 0.00000
0.15578 0.15255 0.14344 0.12888 0.10946 0.08593 0.05916 0.03017 0.00005 -0.03006 -0.05899 -0.08566 -0.10903 -0.12821 -0.14246 -0.15124 -0.15421 -0.15126 -0.14251 -0.12832 -0.10927 -0.08614 -0.05995 -0.03192 -0.00349 0.02362 0.04735 0.06533 0.07490 0.07351 0.05952 0.03359 0.00000
0.07827 0.07664 0.07207 0.06475 0.05499 0.04317 0.02972 0.01516 0.00002 -0.01510 -0.02964 -0.04304 -0.05478 -0.06441 -0.07157 -0.07598 -0.07748 -0.07599 -0.07160 -0.06447 -0.05490 -0.04328 -0.03012 -0.01604 -0.00175 0.01187 0.02379 0.03282 0.03763 0.03693 0.02990 0.01688 0.00000
0.00000 0.00000 0.00000 0.00000 0.00000 0.00000 0.00000 0.00000 0.00000 0.00000 0.00000 0.00000 0.00000 0.00000 0.00000 0.00000 0.00000 0.00000 0.00000 0.00000 0.00000 0.00000 0.00000 0.00000 0.00000 0.00000 0.00000 0.00000 0.00000 0.00000 0.00000 0.00000 0.00000

0.75957 0.74498 0.70175 0.63156 0.53710 0.42200 0.29068 0.14819 0.00000 -0.14819 -0.29068 -0.42200 -0.53710 -0.63156 -0.70175 -0.74498 -0.75957 -0.74498 -0.70175 -0.63156 -0.53710 -0.42200 -0.29068 -0.14819 -0.00000 0.14819 0.29068 0.42200 0.53710 0.63156 0.70175 0.74498 0.00000
0.75591 0.73770 0.69303 0.62275 0.52911 0.41550 0.28612 0.14588 0.00011 -0.14562 -0.28573 -0.41484 -0.52800 -0.62088 -0.68989 -0.73239 -0.74676 -0.73245 -0.69005 -0.62121 -0.52867 -0.41613 -0.28821 -0.15032 -0.00865 0.12984 0.25730 0.36461 0.44076 0.47141 0.43580 0.29978 0.00000
0.74498 0.72840 0.68463 0.61519 0.52262 0.41033 0.28255 0.14408 0.00019 -0.14364 -0.28190 -0.40931 -0.52098 -0.61262 -0.68072 -0.72267 -0.73686 -0.72278 -0.68100 -0.61320 -0.52214 -0.41157 -0.28621 -0.15171 -0.01464 0.11742 0.23575 0.33031 0.38960 0.40076 0.34974 0.22162 0.00000
0.72687 0.71141 0.66889 0.60109 0.51061 0.40088 0.27603 0.14077 0.00024 -0.14022 -0.27523 -0.39964 -0.50868 -0.59816 -0.66466 -0.70562 -0.71949 -0.70577 -0.66502 -0.59892 -0.51017 -0.40253 -0.28072 -0.15043 -0.01838 0.10760 0.21849 0.30398 0.35282 0.35367 0.29700 0.17800 0.00000
0.70175 0.68721 0.64628 0.58080 0.49337 0.38733 0.26669 0.13602 0.00026 -0.13541 -0.26583 -0.38600 -0.49132 -0.57775 -0.64198 -0.68155 -0.69496 -0.68171 -0.64239 -0.57860 -0.49299 -0.38923 -0.27194 -0.14675 -0.02031 0.09958 0.20393 0.28257 0.32474 0.32039 0.26278 0.15223 0.00000
0.66988 0.65619 0.61719 0.55468 0.47118 0.36991 0.25470 0.12991 0.00027 -0.12929 -0.25382 -0.36856 -0.46912 -0.55165 -0.61298 -0.65077 -0.66357 -0.65094 -0.61341 -0.55253 -0.47086 -0.37191 -0.26014 -0.14098 -0.02090 0.09255 0.19061 0.26353 0.30111 0.29433 0.23816 0.13536 0.00000
0.63156 0.61875 0.58202 0.52309 0.44434 0.34884 0.24019 0.12251 0.00027 -0.12190 -0.23933 -0.34753 -0.44235 -0.52017 -0.57800 -0.61363 -0.62571 -0.61380 -0.57842 -0.52104 -0.44407 -0.35083 -0.24557 -0.13343 -0.02056 0.08584 0.17746 0.24504 0.27908 0.27140 0.21797 0.12264 0.00000
0.58716 0.57529 0.54117 0.48638 0.41317 0.32436 0.22334 0.11392 0.00025 -0.11334 -0.22252 -0.32312 -0.41128 -0.48364 -0.53741 -0.57054 -0.58177 -0.57070 -0.53781 -0.48447 -0.41293 -0.32628 -0.22847 -0.12432 -0.01957 0.07905 0.16378 0.22601 0.25694 0.24917 0.19933 0.11157 0.00000
0.53710 0.52627 0.49507 0.44495 0.37797 0.29673 0.20431 0.10422 0.00023 -0.10368 -0.20355 -0.29558 -0.37624 -0.44242 -0.49161 -0.52192 -0.53219 -0.52207 -0.49199 -0.44320 -0.37776 -0.29852 -0.20908 -0.11387 -0.01815 0.07191 0.14919 0.20581 0.23376 0.22634 0.18069 0.10087 0.00000
0.48187 0.47216 0.44418 0.39921 0.33912 0.26623 0.18331 0.09350 0.00021 -0.09302 -0.18263 -0.26519 -0.33755 -0.39694 -0.44107 -0.46826 -0.47748 -0.46840 -0.44141 -0.39764 -0.33894 -0.26785 -0.18763 -0.10224 -0.01640 0.06432 0.13354 0.18418 0.20908 0.20229 0.16131 0.08993 0.00000
0.42200 0.41350 0.38899 0.34962 0.29699 0.23316 0.16054 0.08189 0.00019 -0.08146 -0.15994 -0.23225 -0.29562 -0.34762 -0.38627 -0.41009 -0.41816 -0.41021 -0.38657 -0.34824 -0.29683 -0.23458 -0.16434 -0.08957 -0.01443 0.05623 0.11679 0.16107 0.18280 0.17678 0.14089 0.07849 0.00000
0.35806 0.35086 0.33006 0.29665 0.25200 0.19783 0.13622 0.06948 0.00016 -0.06912 -0.13571 -0.19706 -0.25083 -0.29496 -0.32775 -0.34796 -0.35481 -0.34806 -0.32801 -0.29548 -0.25187 -0.19905 -0.13945 -0.07602 -0.01227 0.04766 0.09903 0.13657 0.15496 0.14983 0.11938 0.06648 0.00000
0.29068 0.28483 0.26795 0.24083 0.20458 0.16060 0.11058 0.05641 0.00013 -0.05611 -0.11017 -0.15998 -0.20363 -0.23945 -0.26607 -0.28248 -0.28804 -0.28256 -0.26628 -0.23988 -0.20447 -0.16159 -0.11321 -0.06172 -0.00997 0.03867 0.08036 0.11082 0.12574 0.12156 0.09683 0.05392 0.00000
0.22049 0.21606 0.20325 0.18268 0.15518 0.12183 0.08388 0.04279 0.00010 -0.04256 -0.08357 -0.12135 -0.15446 -0.18164 -0.20183 -0.21427 -0.21849 -0.21434 -0.20199 -0.18196 -0.15510 -0.12258 -0.08588 -0.04682 -0.00757 0.02933 0.06094 0.08404 0.09535 0.09217 0.07342 0.04088 0.00000
0.14819 0.14520 0.13660 0.12277 0.10429 0.08188 0.05638 0.02876 0.00007 -0.02861 -0.05616 -0.08156 -0.10381 -0.12207 -0.13564 -0.14401 -0.14684 -0.14405 -0.13575 -0.12229 -0.10424 -0.08238 -0.05772 -0.03147 -0.00509 0.01971 0.04095 0.05647 0.06407 0.06194 0.04933 0.02747 0.00000
0.07445 0.07295 0.06863 0.06168 0.05240 0.04114 0.02832 0.01445 0.00003 -0.01437 -0.02822 -0.04097 -0.05216 -0.06133 -0.06815 -0.07235 -0.07378 -0.07237 -0.06820 -0.06144 -0.05237 -0.04139 -0.02900 -0.01581 -0.00256 0.00990 0.02057 0.02837 0.03219 0.03112 0.02478 0.01380 0.00000
0.00000 0.00000 0.00000 0.00000 0.00000 0.00000 0.00000 0.00000 0.00000 0.00000 0.00000 0.00000 0.00000 0.00000 0.00000 0.00000 0.00000 0.00000 0.00000 0.00000 0.00000 0.00000 0.00000 0.00000 0.00000 0.00000 0.00000 0.00000 0.00000 0.00000 0.00000 0.00000 0.00000

0.72253 0.70864 0.66753 0.60076 0.51090 0.40141 0.27650 0.14096 0.00000 -0.14096 -0.27650 -0.40141 -0.51090 -0.60076 -0.66753 -0.70864 -0.72253 -0.70864 -0.66753 -0.60076 -0.51090 -0.40141 -0.27650 -0.14096 -0.00000 0.14096 0.27650 0.40141 0.51090 0.60076 0.66753 0.70864 0.00000
0.71905 0.70181 0.65938 0.59255 0.50348 0.39538 0.27228 0.13884 0.00014 -0.13853 -0.27184 -0.39469 -0.50236 -0.59073 -0.65639 -0.69684 -0.71052 -0.69694 -0.65664 -0.59122 -0.50332 -0.39648 -0.27515 -0.14453 -0.01057 0.12008 0.23997 0.34061 0.41189 0.44072 0.40791 0.28125 0.00000
0.70864 0.69303 0.65151 0.58552 0.49745 0.39060 0.26898 0.13718 0.00023 -0.13665 -0.26824 -0.38950 -0.49577 -0.58299 -0.64780 -0.68773 -0.70127 -0.68792 -0.64825 -0.58389 -0.49749 -0.39271 -0.27411 -0.14719 -0.01831 0.10526 0.21528 0.30254 0.35677 0.36676 0.32024 0.20347 0.00000
0.69142 0.67693 0.63665 0.57222 0.48615 0.38170 0.26285 0.13408 0.00030 -0.13341 -0.26193 -0.38036 -0.48415 -0.56932 -0.63262 -0.67163 -0.68487 -0.67188 -0.63321 -0.57050 -0.48640 -0.38454 -0.26955 -0.14701 -0.02344 0.09361 0.19565 0.27333 0.31684 0.31680 0.26562 0.15935 0.00000
0.66753 0.65395 0.61520 0.55300 0.46982 0.36888 0.25402 0.12960 0.00033 -0.12885 -0.25301 -0.36741 -0.46768 -0.54996 -0.61112 -0.64881 -0.66161 -0.64909 -0.61179 -0.55131 -0.47025 -0.37217 -0.26164 -0.14418 -0.02630 0.08447 0.17969 0.25022 0.28687 0.28174 0.23014 0.13311 0.00000
0.63721 0.62446 0.58756 0.52819 0.44876 0.35234 0.24263 0.12380 0.00035 -0.12302 -0.24159 -0.35084 -0.44659 -0.52517 -0.58357 -0.61957 -0.63180 -0.61986 -0.58428 -0.52659 -0.44929 -0.35584 -0.25064 -0.13905 -0.02740 0.07699 0.16594 0.23068 0.26271 0.25520 0.20521 0.11618 0.00000
0.60076 0.58885 0.55412 0.49815 0.42324 0.33231 0.22884 0.11677 0.00034 -0.11600 -0.22781 -0.33084 -0.42113 -0.49523 -0.55030 -0.58425 -0.59580 -0.58454 -0.55101 -0.49665 -0.42383 -0.33583 -0.23683 -0.13194 -0.02719 0.07044 0.15318 0.21278 0.24138 0.23299 0.18566 0.10387 0.00000
0.55852 0.54751 0.51525 0.46322 0.39357 0.30901 0.21280 0.10858 0.00033 -0.10785 -0.21182 -0.30761 -0.39157 -0.46047 -0.51167 -0.54324 -0.55398 -0.54352 -0.51236 -0.46184 -0.39417 -0.31241 -0.22048 -0.12315 -0.02606 0.06427 0.14057 0.19520 0.22095 0.21250 0.16849 0.09367 0.00000
0.51090 0.50086 0.47136 0.42378 0.36006 0.28270 0.19468 0.09934 0.00031 -0.09866 -0.19377 -0.28141 -0.35821 -0.42124 -0.46809 -0.49697 -0.50679 -0.49723 -0.46873 -0.42252 -0.36064 -0.28589 -0.20185 -0.11292 -0.02427 0.05812 0.12759 0.17715 0.20027 0.19222 0.15200 0.08423 0.00000
0.45837 0.44937 0.42292 0.38022 0.32306 0.25365 0.17468 0.08913 0.00028 -0.08851 -0.17385 -0.25248 -0.32139 -0.37794 -0.41997 -0.44588 -0.45470 -0.44612 -0.42055 -0.37910 -0.32359 -0.25655 -0.18119 -0.10145 -0.02200 0.05179 0.11394 0.15820 0.17872 0.17135 0.13530 0.07484 0.00000
0.40141 0.39354 0.37038 0.33299 0.28293 0.22214 0.15298 0.07806 0.00024 -0.07752 -0.15225 -0.22111 -0.28146 -0.33099 -0.36780 -0.39049 -0.39821 -0.39070 -0.36831 -0.33202 -0.28341 -0.22470 -0.15872 -0.08892 -0.01938 0.04518 0.09952 0.13817 0.15603 0.14951 0.11796 0.06519 0.00000
0.34060 0.33392 0.31427 0.28255 0.24007 0.18849 0.12980 0.06624 0.00021 -0.06577 -0.12919 -0.18762 -0.23882 -0.28084 -0.31208 -0.33133 -0.33788 -0.33151 -0.31252 -0.28172 -0.24048 -0.19067 -0.13470 -0.07548 -0.01650 0.03824 0.08431 0.11705 0.13216 0.12659 0.09984 0.05515 0.00000
0.27650 0.27108 0.25513 0.22938 0.19489 0.15302 0.10538 0.05377 0.00017 -0.05339 -0.10488 -0.15231 -0.19388 -0.22799 -0.25335 -0.26898 -0.27430 -0.26913 -0.25371 -0.22871 -0.19523 -0.15480 -0.10936 -0.06130 -0.01343 0.03100 0.06838 0.09494 0.10718 0.10265 0.08093 0.04470 0.00000
0.20974 0.20563 0.19353 0.17400 0.14784 0.11608 0.07994 0.04079 0.00013 -0.04050 -0.07955 -0.11553 -0.14707 -0.17294 -0.19218 -0.20404 -0.20807 -0.20415 -0.19245 -0.17349 -0.14809 -0.11742 -0.08296 -0.04650 -0.01020 0.02350 0.05185 0.07198 0.08126 0.07781 0.06134 0.03387 0.00000
0.14096 0.13820 0.13006 0.11694 0.09936 0.07801 0.05372 0.02741 0.00009 -0.02722 -0.05347 -0.07765 -0.09884 -0.11623 -0.12916 -0.13713 -0.13984 -0.13720 -0.12934 -0.11660 -0.09953 -0.07892 -0.05576 -0.03126 -0.00686 0.01579 0.03483 0.04836 0.05459 0.05228 0.04121 0.02275 0.00000
0.07082 0.06943 0.06535 0.05875 0.04992 0.03919 0.02699 0.01377 0.00004 -0.01368 -0.02686 -0.03901 -0.04966 -0.05840 -0.06489 -0.06889 -0.07026 -0.06893 -0.06498 -0.05858 -0.05001 -0.03965 -0.02801 -0.01570 -0.00345 0.00793 0.01750 0.02429 0.02742 0.02626 0.02070 0.01143 0.00000
0.00000 0.00000 0.00000 0.00000 0.00000 0.00000 0.00000 0.00000 0.00000 0.00000 0.00000 0.00000 0.00000 0.00000 0.00000 0.00000 0.00000 0.00000 0.00000 0.00000 0.00000 0.00000 0.00000 0.00000 0.00000 0.00000 0.00000 0.00000 0.00000 0.00000 0.00000 0.00000 0.00000

0.68729 0.67408 0.63497 0.57146 0.48599 0.38184 0.26301 0.13408 0.00000 -0.13408 -0.26301 -0.38184 -0.48599 -0.57146 -0.63497 -0.67408 -0.68729 -0.67408 -0.63497 -0.57146 -0.48599 -0.38184 -0.26301 -0.13408 -0.00000 0.13408 0.26301 0.38184 0.48599 0.57146 0.63497 0.67408 0.00000
0.68398 0.66764 0.62733 0.56379 0.47906 0.37622 0.25910 0.13213 0.00015 -0.13178 -0.25862 -0.37551 -0.47795 -0.56203 -0.62451 -0.66301 -0.67605 -0.66316 -0.62487 -0.56273 -0.47925 -0.37786 -0.26279 -0.13907 -0.01236 0.11100 0.22400 0.31874 0.38588 0.41332 0.38314 0.26474 0.00000
0.67408 0.65935 0.61995 0.55722 0.47345 0.37178 0.25604 0.13061 0.00027 -0.13001 -0.25524 -0.37063 -0.47177 -0.55477 -0.61646 -0.65448 -0.66740 -0.65476 -0.61712 -0.55605 -0.47414 -0.37490 -0.26276 -0.14302 -0.02178 0.09403 0.19672 0.27783 0.32816 0.33771 0.29539 0.18827 0.00000
0.65769 0.64408 0.60588 0.54466 0.46279 0.36340 0.25027 0.12770 0.00035 -0.12692 -0.24926 -0.36199 -0.46078 -0.54186 -0.60212 -0.63928 -0.65193 -0.63964 -0.60300 -0.54357 -0.46393 -0.36764 -0.25918 -0.14397 -0.02830 0.08066 0.17502 0.24631 0.28597 0.28600 0.23998 0.14432 0.00000
0.63497 0.62224 0.58553 0.52644 0.44733 0.35127 0.24192 0.12346 0.00040 -0.12259 -0.24079 -0.34971 -0.44516 -0.52350 -0.58173 -0.61764 -0.62989 -0.61807 -0.58275 -0.52548 -0.44880 -0.35622 -0.25218 -0.14207 -0.03217 0.07038 0.15774 0.22173 0.25454 0.24973 0.20382 0.11798 0.00000
0.60614 0.59421 0.55928 0.50289 0.42734 0.33557 0.23112 0.11797 0.00042 -0.11705 -0.22995 -0.33396 -0.42513 -0.49994 -0.55556 -0.58987 -0.60158 -0.59032 -0.55665 -0.50206 -0.42901 -0.34089 -0.24202 -0.13763 -0.03386 0.06236 0.14345 0.20168 0.22989 0.22283 0.17873 0.10109 0.00000
0.57146 0.56035 0.52747 0.47432 0.40307 0.31653 0.21801 0.11128 0.00042 -0.11037 -0.21684 -0.31494 -0.40091 -0.47148 -0.52393 -0.55629 -0.56735 -0.55675 -0.52503 -0.47361 -0.40483 -0.32192 -0.22898 -0.13102 -0.03388 0.05583 0.13092 0.18416 0.20905 0.20115 0.15969 0.08912 0.00000
0.53128 0.52102 0.49049 0.44109 0.37484 0.29436 0.20274 0.10350 0.00040 -0.10262 -0.20163 -0.29284 -0.37279 -0.43840 -0.48718 -0.51727 -0.52756 -0.51772 -0.48825 -0.44048 -0.37659 -0.29960 -0.21337 -0.12256 -0.03266 0.05014 0.11918 0.16775 0.18996 0.18200 0.14364 0.07958 0.00000
0.48599 0.47663 0.44873 0.40354 0.34294 0.26931 0.18549 0.09469 0.00037 -0.09387 -0.18445 -0.26790 -0.34104 -0.40107 -0.44569 -0.47322 -0.48264 -0.47365 -0.44670 -0.40302 -0.34461 -0.27424 -0.19546 -0.11255 -0.03055 0.04487 0.10758 0.15150 0.17134 0.16376 0.12882 0.07109 0.00000
0.43601 0.42764 0.40261 0.36208 0.30771 0.24164 0.16644 0.08497 0.00034 -0.08422 -0.16549 -0.24037 -0.30599 -0.35985 -0.39989 -0.42459 -0.43304 -0.42498 -0.40080 -0.36163 -0.30924 -0.24615 -0.17552 -0.10122 -0.02778 0.03970 0.09573 0.13487 0.15241 0.14547 0.11422 0.06290 0.00000
0.38184 0.37451 0.35260 0.31711 0.26949 0.21163 0.14577 0.07442 0.00030 -0.07376 -0.14493 -0.21051 -0.26798 -0.31515 -0.35021 -0.37185 -0.37925 -0.37219 -0.35103 -0.31672 -0.27086 -0.21562 -0.15379 -0.08877 -0.02453 0.03447 0.08342 0.11756 0.13279 0.12665 0.09934 0.05465 0.00000
0.32399 0.31777 0.29919 0.26907 0.22867 0.17957 0.12369 0.06315 0.00026 -0.06258 -0.12298 -0.17862 -0.22738 -0.26741 -0.29716 -0.31552 -0.32180 -0.31581 -0.29785 -0.26875 -0.22984 -0.18298 -0.13054 -0.07539 -0.02091 0.02910 0.07057 0.09947 0.11233 0.10709 0.08395 0.04616 0.00000
0.26301 0.25797 0.24289 0.21844 0.18564 0.14578 0.10041 0.05126 0.00021 -0.05081 -0.09984 -0.14501 -0.18459 -0.21709 -0.24124 -0.25615 -0.26125 -0.25638 -0.24181 -0.21818 -0.18660 -0.14856 -0.10599 -0.06124 -0.01703 0.02355 0.05719 0.08061 0.09103 0.08676 0.06800 0.03737 0.00000
0.19951 0.19569 0.18424 0.16570 0.14082 0.11059 0.07617 0.03889 0.00016 -0.03854 -0.07573 -0.11000 -0.14003 -0.16467 -0.18300 -0.19430 -0.19817 -0.19448 -0.18342 -0.16550 -0.14155 -0.11269 -0.08041 -0.04646 -0.01294 0.01783 0.04334 0.06109 0.06898 0.06574 0.05151 0.02830 0.00000
0.13408 0.13151 0.12382 0.11136 0.09464 0.07432 0.05119 0.02613 0.00011 -0.02590 -0.05090 -0.07392 -0.09411 -0.11067 -0.12299 -0.13058 -0.13318 -0.13070 -0.12327 -0.11123 -0.09513 -0.07574 -0.05404 -0.03123 -0.00870 0.01197 0.02911 0.04103 0.04633 0.04415 0.03459 0.01901 0.00000
0.06737 0.06608 0.06221 0.05595 0.04755 0.03734 0.02572 0.01313 0.00005 -0.01301 -0.02557 -0.03714 -0.04728 -0.05560 -0.06179 -0.06561 -0.06691 -0.06567 -0.06194 -0.05588 -0.04780 -0.03805 -0.02715 -0.01569 -0.00437 0.00601 0.01462 0.02061 0.02327 0.02217 0.01737 0.00955 0.00000
0.00000 0.00000 0.00000 0.00000 0.00000 0.00000 0.00000 0.00000 0.00000 0.00000 0.00000 0.00000 0.00000 0.00000 0.00000 0.00000 0.00000 0.00000 0.00000 0.00000 0.00000 0.00000 0.00000 0.00000 0.00000 0.00000 0.00000 0.00000 0.00000 0.00000 0.00000 0.00000 0.00000

0.65377 0.64121 0.60400 0.54359 0.46229 0.36322 0.25019 0.12754 0.00000 -0.12754 -0.25019 -0.36322 -0.46229 -0.54359 -0.60400 -0.64121 -0.65377 -0.64121 -0.60400 -0.54359 -0.46229 -0.36322 -0.25019 -0.12754 -0.00000 0.12754 0.25019 0.36322 0.46229 0.54359 0.60400 0.64121 0.00000
0.65062 0.63513 0.59682 0.53639 0.45581 0.35797 0.24654 0.12574 0.00017 -0.12536 -0.24604 -0.35725 -0.45473 -0.53472 -0.59418 -0.63082 -0.64325 -0.63102 -0.59467 -0.53565 -0.45640 -0.36019 -0.25109 -0.13388 -0.01398 0.10261 0.20931 0.29874 0.36224 0.38854 0.36075 0.24976 0.00000
0.64121 0.62728 0.58987 0.53024 0.45057 0.35384 0.24370 0.12434 0.00030 -0.12368 -0.24285 -0.35267 -0.44892 -0.52791 -0.58663 -0.62284 -0.63518 -0.62323 -0.58754 -0.52964 -0.45202 -0.35807 -0.25207 -0.13909 -0.02497 0.08377 0.17994 0.25579 0.30297 0.31243 0.27393 0.17513 0.00000
0.62562 0.61279 0.57655 0.51838 0.44051 0.34595 0.23828 0.12161 0.00039 -0.12075 -0.23720 -0.34449 -0.43852 -0.51570 -0.57308 -0.60848 -0.62059 -0.60901 -0.57431 -0.51803 -0.44269 -0.35173 -0.24948 -0.14117 -0.03281 0.06885 0.15651 0.22251 0.25927 0.25982 0.21847 0.13179 0.00000
0.60400 0.59204 0.55724 0.50110 0.42587 0.33445 0.23038 0.11761 0.00045 -0.11663 -0.22916 -0.33284 -0.42371 -0.49830 -0.55375 -0.58798 -0.59972 -0.58860 -0.55519 -0.50103 -0.42859 -0.34127 -0.24342 -0.14022 -0.03768 0.05747 0.13805 0.19675 0.22680 0.22285 0.18209 0.10562 0.00000
0.57657 0.56540 0.53229 0.47873 0.40688 0.31956 0.22013 0.11240 0.00048 -0.11136 -0.21885 -0.31789 -0.40468 -0.47593 -0.52890 -0.56161 -0.57285 -0.56227 -0.53045 -0.47887 -0.40993 -0.32694 -0.23411 -0.13652 -0.04002 0.04888 0.12324 0.17622 0.20178 0.19575 0.15702 0.08887 0.00000
0.54359 0.53319 0.50205 0.45157 0.38382 0.30145 0.20766 0.10605 0.00048 -0.10501 -0.20639 -0.29980 -0.38166 -0.44886 -0.49883 -0.52969 -0.54030 -0.53037 -0.50041 -0.45186 -0.38700 -0.30899 -0.22186 -0.13044 -0.04033 0.04226 0.11081 0.15896 0.18132 0.17451 0.13842 0.07722 0.00000
0.50537 0.49577 0.46687 0.41996 0.35696 0.28036 0.19314 0.09864 0.00047 -0.09763 -0.19191 -0.27878 -0.35491 -0.41740 -0.46387 -0.49257 -0.50245 -0.49323 -0.46542 -0.42033 -0.36012 -0.28774 -0.20697 -0.12235 -0.03910 0.03695 0.09976 0.14349 0.16331 0.15645 0.12327 0.06821 0.00000
0.46229 0.45355 0.42713 0.38423 0.32659 0.25652 0.17672 0.09026 0.00044 -0.08931 -0.17557 -0.25504 -0.32469 -0.38187 -0.42438 -0.45065 -0.45970 -0.45127 -0.42585 -0.38464 -0.32961 -0.26350 -0.18976 -0.11256 -0.03673 0.03242 0.08935 0.12877 0.14638 0.13985 0.10977 0.06047 0.00000
0.41475 0.40693 0.38324 0.34476 0.29305 0.23017 0.15857 0.08099 0.00040 -0.08013 -0.15753 -0.22884 -0.29133 -0.34263 -0.38078 -0.40435 -0.41247 -0.40492 -0.38212 -0.34516 -0.29583 -0.23657 -0.17049 -0.10136 -0.03350 0.02830 0.07908 0.11413 0.12966 0.12368 0.09687 0.05323 0.00000
0.36322 0.35638 0.33564 0.30194 0.25666 0.20159 0.13888 0.07094 0.00035 -0.07018 -0.13796 -0.20041 -0.25515 -0.30007 -0.33349 -0.35413 -0.36125 -0.35464 -0.33468 -0.30232 -0.25914 -0.20727 -0.14945 -0.08897 -0.02965 0.02435 0.06866 0.09919 0.11265 0.10736 0.08399 0.04609 0.00000
0.30818 0.30239 0.28480 0.25621 0.21778 0.17106 0.11785 0.06019 0.00030 -0.05955 -0.11706 -0.17005 -0.21650 -0.25462 -0.28297 -0.30049 -0.30653 -0.30092 -0.28399 -0.25654 -0.21991 -0.17591 -0.12688 -0.07560 -0.02532 0.02043 0.05795 0.08377 0.09512 0.09061 0.07084 0.03885 0.00000
0.25019 0.24548 0.23121 0.20800 0.17680 0.13887 0.09567 0.04887 0.00024 -0.04834 -0.09503 -0.13805 -0.17576 -0.20671 -0.22972 -0.24394 -0.24885 -0.24430 -0.23055 -0.20828 -0.17854 -0.14283 -0.10304 -0.06143 -0.02063 0.01647 0.04689 0.06781 0.07699 0.07332 0.05730 0.03141 0.00000
0.18978 0.18621 0.17539 0.15778 0.13412 0.10534 0.07258 0.03707 0.00019 -0.03667 -0.07209 -0.10472 -0.13332 -0.15680 -0.17426 -0.18505 -0.18877 -0.18532 -0.17489 -0.15799 -0.13544 -0.10836 -0.07818 -0.04662 -0.01569 0.01244 0.03550 0.05135 0.05830 0.05551 0.04337 0.02377 0.00000
0.12754 0.12515 0.11787 0.10604 0.09014 0.07080 0.04878 0.02491 0.00013 -0.02464 -0.04845 -0.07038 -0.08960 -0.10538 -0.11711 -0.12436 -0.12686 -0.12455 -0.11754 -0.10618 -0.09103 -0.07283 -0.05255 -0.03134 -0.01056 0.00834 0.02383 0.03447 0.03914 0.03726 0.02911 0.01595 0.00000
0.06408 0.06288 0.05922 0.05328 0.04529 0.03557 0.02451 0.01252 0.00006 -0.01238 -0.02434 -0.03536 -0.04502 -0.05295 -0.05884 -0.06248 -0.06374 -0.06257 -0.05905 -0.05335 -0.04573 -0.03659 -0.02640 -0.01575 -0.00531 0.00418 0.01196 0.01731 0.01965 0.01871 0.01462 0.00801 0.00000
0.00000 0.00000 0.00000 0.00000 0.00000 0.00000 0.00000 0.00000 0.00000 0.00000 0.00000 0.00000 0.00000 0.00000 0.00000 0.00000 0.00000 0.00000 0.00000 0.00000 0.00000 0.00000 0.00000 0.00000 0.00000 0.00000 0.00000 0.00000 0.00000 0.00000 0.00000 0.00000 0.00000

0.62189 0.60994 0.57455 0.51708 0.43974 0.34550 0.23799 0.12132 0.00000 -0.12132 -0.23799 -0.34550 -0.43974 -0.51708 -0.57455 -0.60994 -0.62189 -0.60994 -0.57455 -0.51708 -0.43974 -0.34550 -0.23799 -0.12132 -0.00000 0.12132 0.23799 0.34550 0.43974 0.51708 0.57455 0.60994 0.00000
0.61889 0.60419 0.56777 0.51032 0.43367 0.34060 0.23458 0.11965 0.00018 -0.11925 -0.23407 -0.33988 -0.43263 -0.50874 -0.56532 -0.60019 -0.61205 -0.60047 -0.56595 -0.50993 -0.43470 -0.34342 -0.23998 -0.12893 -0.01542 0.09488 0.19577 0.28038 0.34061 0.36590 0.34026 0.23598 0.00000
0.60994 0.59676 0.56123 0.50454 0.42877 0.33674 0.23194 0.11836 0.00033 -0.11765 -0.23107 -0.33557 -0.42717 -0.50235 -0.55825 -0.59274 -0.60453 -0.59325 -0.55944 -0.50457 -0.43104 -0.34214 -0.24194 -0.13532 -0.02780 0.07446 0.16479 0.23605 0.28060 0.29011 0.25503 0.16353 0.00000
0.59511 0.58300 0.54861 0.49332 0.41927 0.32929 0.22684 0.11580 0.00043 -0.11487 -0.22571 -0.32783 -0.41734 -0.49081 -0.54545 -0.57919 -0.59079 -0.57989 -0.54707 -0.49383 -0.42260 -0.33671 -0.24035 -0.13850 -0.03688 0.05819 0.13997 0.20150 0.23601 0.23724 0.20007 0.12108 0.00000
0.57455 0.56329 0.53028 0.47693 0.40538 0.31841 0.21936 0.11202 0.00050 -0.11096 -0.21808 -0.31678 -0.40329 -0.47431 -0.52713 -0.55976 -0.57103 -0.56060 -0.52905 -0.47788 -0.40950 -0.32723 -0.23523 -0.13849 -0.04272 0.04581 0.12051 0.17484 0.20285 0.19997 0.16381 0.09528 0.00000
0.54845 0.53795 0.50657 0.45568 0.38736 0.30427 0.20963 0.10708 0.00053 -0.10595 -0.20829 -0.30258 -0.38522 -0.45306 -0.50353 -0.53473 -0.54553 -0.53564 -0.50563 -0.45695 -0.39196 -0.31388 -0.22679 -0.13555 -0.04571 0.03664 0.10521 0.15392 0.17761 0.17285 0.13891 0.07877 0.00000
0.51708 0.50732 0.47781 0.42986 0.36543 0.28706 0.19779 0.10105 0.00054 -0.09990 -0.19644 -0.28538 -0.36333 -0.42733 -0.47494 -0.50439 -0.51461 -0.50533 -0.47710 -0.43132 -0.37024 -0.29695 -0.21532 -0.13003 -0.04637 0.02990 0.09283 0.13687 0.15748 0.15202 0.12073 0.06741 0.00000
0.48072 0.47173 0.44435 0.39979 0.33988 0.26700 0.18397 0.09400 0.00052 -0.09289 -0.18267 -0.26538 -0.33788 -0.39740 -0.44169 -0.46908 -0.47860 -0.47000 -0.44381 -0.40133 -0.34467 -0.27673 -0.20116 -0.12232 -0.04519 0.02486 0.08234 0.12217 0.14037 0.13486 0.10633 0.05885 0.00000
0.43974 0.43156 0.40654 0.36579 0.31099 0.24431 0.16834 0.08602 0.00049 -0.08498 -0.16712 -0.24280 -0.30913 -0.36359 -0.40411 -0.42918 -0.43790 -0.43006 -0.40613 -0.36732 -0.31557 -0.25355 -0.18461 -0.11278 -0.04262 0.02095 0.07292 0.10873 0.12485 0.11961 0.09392 0.05172 0.00000
0.39452 0.38720 0.36477 0.32822 0.27906 0.21923 0.15106 0.07719 0.00045 -0.07624 -0.14995 -0.21786 -0.27738 -0.32624 -0.36260 -0.38510 -0.39294 -0.38591 -0.36446 -0.32967 -0.28329 -0.22772 -0.16599 -0.10172 -0.03900 0.01774 0.06402 0.09579 0.10998 0.10520 0.08240 0.04526 0.00000
0.34550 0.33911 0.31947 0.28747 0.24441 0.19201 0.13231 0.06761 0.00040 -0.06677 -0.13132 -0.19080 -0.24293 -0.28573 -0.31758 -0.33728 -0.34415 -0.33800 -0.31923 -0.28878 -0.24819 -0.19957 -0.14558 -0.08938 -0.03458 0.01494 0.05528 0.08291 0.09519 0.09097 0.07117 0.03903 0.00000
0.29315 0.28774 0.27108 0.24393 0.20739 0.16293 0.11227 0.05738 0.00034 -0.05666 -0.11143 -0.16190 -0.20613 -0.24245 -0.26947 -0.28620 -0.29203 -0.28682 -0.27089 -0.24506 -0.21064 -0.16941 -0.12363 -0.07601 -0.02958 0.01235 0.04648 0.06983 0.08017 0.07658 0.05986 0.03280 0.00000
0.23799 0.23359 0.22007 0.19803 0.16837 0.13228 0.09115 0.04658 0.00028 -0.04599 -0.09046 -0.13143 -0.16735 -0.19683 -0.21877 -0.23235 -0.23708 -0.23285 -0.21993 -0.19896 -0.17103 -0.13757 -0.10043 -0.06179 -0.02414 0.00986 0.03751 0.05642 0.06479 0.06187 0.04834 0.02648 0.00000
0.18052 0.17719 0.16694 0.15022 0.12772 0.10034 0.06914 0.03534 0.00021 -0.03489 -0.06862 -0.09970 -0.12694 -0.14931 -0.16595 -0.17625 -0.17984 -0.17663 -0.16683 -0.15093 -0.12975 -0.10437 -0.07621 -0.04691 -0.01837 0.00740 0.02836 0.04267 0.04900 0.04679 0.03655 0.02001 0.00000
0.12132 0.11908 0.11219 0.10096 0.08584 0.06744 0.04647 0.02375 0.00014 -0.02345 -0.04612 -0.06701 -0.08531 -0.10035 -0.11153 -0.11845 -0.12087 -0.11871 -0.11212 -0.10144 -0.08720 -0.07015 -0.05123 -0.03154 -0.01237 0.00494 0.01902 0.02863 0.03288 0.03139 0.02452 0.01342 0.00000
0.06096 0.05983 0.05637 0.05072 0.04313 0.03388 0.02335 0.01193 0.00007 -0.01178 -0.02317 -0.03367 -0.04286 -0.05042 -0.05604 -0.05951 -0.06073 -0.05964 -0.05633 -0.05097 -0.04381 -0.03525 -0.02574 -0.01585 -0.00622 0.00247 0.00954 0.01437 0.01650 0.01576 0.01231 0.00674 0.00000
0.00000 0.00000 0.00000 0.00000 0.00000 0.00000 0.00000 0.00000 0.00000 0.00000 0.00000 0.00000 0.00000 0.00000 0.00000 0.00000 0.00000 0.00000 0.00000 0.00000 0.00000 0.00000 0.00000 0.00000 0.00000 0.00000 0.00000 0.00000 0.00000 0.00000 0.00000 0.00000 0.00000

