0.00000 0.16533 0.32869 0.48812 0.64175 0.78779 0.92455 1.05051 1.16433 1.26483 1.35106 1.42229 1.47803 1.51803 1.54229 1.55106 1.54483 1.52433 1.49051 1.44455 1.38779 1.32175 1.24812 1.16869 1.21033 1.00000
0.00000 0.16509 0.32820 0.48740 0.64081 0.78663 0.92320 1.04900 1.16267 1.26305 1.34919 1.42035 1.47606 1.51606 1.54035 1.54919 1.54305 1.52267 1.48900 1.44320 1.38663 1.32081 1.24740 1.16820 1.21009 1.00000
0.00000 0.16484 0.32771 0.48668 0.63986 0.78547 0.92186 1.04748 1.16101 1.26127 1.34732 1.41843 1.47410 1.51410 1.53843 1.54732 1.54127 1.52101 1.48748 1.44186 1.38547 1.31986 1.24668 1.16771 1.20984 1.00000
0.00000 0.16459 0.32722 0.48596 0.63892 0.78432 0.92051 1.04597 1.15935 1.25950 1.34545 1.41650 1.47215 1.51215 1.53650 1.54545 1.53950 1.51935 1.48597 1.44051 1.38432 1.31892 1.24596 1.16722 1.20959 1.00000
0.00000 0.16435 0.32674 0.48524 0.63797 0.78317 0.91918 1.04447 1.15770 1.25773 1.34359 1.41458 1.47020 1.51020 1.53458 1.54359 1.53773 1.51770 1.48447 1.43918 1.38317 1.31797 1.24524 1.16674 1.20935 1.00000
0.00000 0.16411 0.32625 0.48452 0.63703 0.78203 0.91784 1.04296 1.15605 1.25596 1.34174 1.41266 1.46825 1.50825 1.53266 1.54174 1.53596 1.51605 1.48296 1.43784 1.38203 1.31703 1.24452 1.16625 1.20911 1.00000
0.00000 0.16386 0.32577 0.48380 0.63609 0.78088 0.91651 1.04146 1.15441 1.25420 1.33988 1.41075 1.46630 1.50630 1.53075 1.53988 1.53420 1.51441 1.48146 1.43651 1.38088 1.31609 1.24380 1.16577 1.20886 1.00000
0.00000 0.16362 0.32529 0.48308 0.63516 0.77974 0.91517 1.03996 1.15277 1.25244 1.33804 1.40884 1.46436 1.50436 1.52884 1.53804 1.53244 1.51277 1.47996 1.43517 1.37974 1.31516 1.24308 1.16529 1.20862 1.00000
0.00000 0.16337 0.32480 0.48237 0.63422 0.77860 0.91385 1.03847 1.15113 1.25068 1.33619 1.40693 1.46243 1.50243 1.52693 1.53619 1.53068 1.51113 1.47847 1.43385 1.37860 1.31422 1.24237 1.16480 1.20837 1.00000
0.00000 0.16313 0.32432 0.48166 0.63329 0.77746 0.91252 1.03698 1.14949 1.24893 1.33435 1.40503 1.46049 1.50049 1.52503 1.53435 1.52893 1.50949 1.47698 1.43252 1.37746 1.31329 1.24166 1.16432 1.20813 1.00000
0.00000 0.16289 0.32384 0.48095 0.63236 0.77632 0.91120 1.03549 1.14786 1.24718 1.33251 1.40313 1.45856 1.49856 1.52313 1.53251 1.52718 1.50786 1.47549 1.43120 1.37632 1.31236 1.24095 1.16384 1.20789 1.00000
0.00000 0.16265 0.32336 0.48024 0.63143 0.77519 0.90988 1.03400 1.14623 1.24544 1.33068 1.40124 1.45664 1.49664 1.52124 1.53068 1.52544 1.50623 1.47400 1.42988 1.37519 1.31143 1.24024 1.16336 1.20765 1.00000
0.00000 0.16241 0.32288 0.47953 0.63050 0.77406 0.90856 1.03252 1.14461 1.24369 1.32884 1.39935 1.45472 1.49472 1.51935 1.52884 1.52369 1.50461 1.47252 1.42856 1.37406 1.31050 1.23953 1.16288 1.20741 1.00000
0.00000 0.16217 0.32240 0.47882 0.62958 0.77293 0.90724 1.03104 1.14299 1.24196 1.32702 1.39746 1.45280 1.49280 1.51746 1.52702 1.52196 1.50299 1.47104 1.42724 1.37293 1.30958 1.23882 1.16240 1.20717 1.00000
0.00000 0.16192 0.32193 0.47811 0.62865 0.77180 0.90593 1.02956 1.14137 1.24022 1.32519 1.39557 1.45089 1.49089 1.51557 1.52519 1.52022 1.50137 1.46956 1.42593 1.37180 1.30865 1.23811 1.16193 1.20692 1.00000
0.00000 0.16168 0.32145 0.47741 0.62773 0.77068 0.90462 1.02808 1.13975 1.23849 1.32337 1.39369 1.44898 1.48898 1.51369 1.52337 1.51849 1.49975 1.46808 1.42462 1.37068 1.30773 1.23741 1.16145 1.20668 1.00000
0.00000 0.16145 0.32098 0.47671 0.62681 0.76955 0.90331 1.02661 1.13814 1.23676 1.32156 1.39182 1.44707 1.48707 1.51182 1.52156 1.51676 1.49814 1.46661 1.42331 1.36955 1.30681 1.23671 1.16098 1.20645 1.00000
0.00000 0.16121 0.32050 0.47600 0.62589 0.76843 0.90201 1.02514 1.13653 1.23504 1.31974 1.38995 1.44517 1.48517 1.50995 1.51974 1.51504 1.49653 1.46514 1.42201 1.36843 1.30589 1.23600 1.16050 1.20621 1.00000
0.00000 0.16097 0.32003 0.47530 0.62498 0.76731 0.90071 1.02368 1.13492 1.23331 1.31793 1.38808 1.44327 1.48327 1.50808 1.51793 1.51331 1.49492 1.46368 1.42071 1.36731 1.30498 1.23530 1.16003 1.20597 1.00000
0.00000 0.16073 0.31956 0.47460 0.62406 0.76620 0.89941 1.02221 1.13332 1.23160 1.31613 1.38621 1.44137 1.48137 1.50621 1.51613 1.51160 1.49332 1.46221 1.41941 1.36620 1.30406 1.23460 1.15956 1.20573 1.00000
0.00000 0.16049 0.31908 0.47391 0.62315 0.76508 0.89811 1.02075 1.13172 1.22988 1.31432 1.38435 1.43948 1.47948 1.50435 1.51432 1.50988 1.49172 1.46075 1.41811 1.36508 1.30315 1.23391 1.15908 1.20549 1.00000
0.00000 0.16026 0.31861 0.47321 0.62224 0.76397 0.89681 1.01930 1.13012 1.22817 1.31253 1.38249 1.43759 1.47759 1.50249 1.51253 1.50817 1.49012 1.45930 1.41681 1.36397 1.30224 1.23321 1.15861 1.20526 1.00000
0.00000 0.16002 0.31815 0.47252 0.62133 0.76286 0.89552 1.01784 1.12853 1.22646 1.31073 1.38064 1.43571 1.47571 1.50064 1.51073 1.50646 1.48853 1.45784 1.41552 1.36286 1.30133 1.23252 1.15815 1.20502 1.00000
0.00000 0.15978 0.31768 0.47182 0.62042 0.76176 0.89423 1.01639 1.12694 1.22476 1.30894 1.37879 1.43383 1.47383 1.49879 1.50894 1.50476 1.48694 1.45639 1.41423 1.36176 1.30042 1.23182 1.15768 1.20478 1.00000
0.00000 0.15955 0.31721 0.47113 0.61951 0.76065 0.89294 1.01494 1.12535 1.22306 1.30715 1.37694 1.43195 1.47195 1.49694 1.50715 1.50306 1.48535 1.45494 1.41294 1.36065 1.29951 1.23113 1.15721 1.20455 1.00000
0.00000 0.15931 0.31674 0.47044 0.61861 0.75955 0.89166 1.01350 1.12376 1.22136 1.30537 1.37510 1.43008 1.47008 1.49510 1.50537 1.50136 1.48376 1.45350 1.41166 1.35955 1.29861 1.23044 1.15674 1.20431 1.00000
0.00000 0.15908 0.31628 0.46975 0.61771 0.75845 0.89038 1.01205 1.12218 1.21966 1.30358 1.37326 1.42821 1.46821 1.49326 1.50358 1.49966 1.48218 1.45205 1.41038 1.35845 1.29771 1.22975 1.15628 1.20408 1.00000
0.00000 0.15884 0.31581 0.46906 0.61681 0.75735 0.88910 1.01061 1.12060 1.21797 1.30181 1.37142 1.42634 1.46634 1.49142 1.50181 1.49797 1.48060 1.45061 1.40910 1.35735 1.29681 1.22906 1.15581 1.20384 1.00000
0.00000 0.15861 0.31535 0.46837 0.61591 0.75625 0.88782 1.00918 1.11903 1.21628 1.30003 1.36959 1.42448 1.46448 1.48959 1.50003 1.49628 1.47903 1.44918 1.40782 1.35625 1.29591 1.22837 1.15535 1.20361 1.00000
0.00000 0.15838 0.31488 0.46769 0.61501 0.75516 0.88655 1.00774 1.11746 1.21460 1.29826 1.36776 1.42262 1.46262 1.48776 1.49826 1.49460 1.47746 1.44774 1.40655 1.35516 1.29501 1.22769 1.15488 1.20338 1.00000
0.00000 0.15814 0.31442 0.46701 0.61412 0.75406 0.88527 1.00631 1.11589 1.21292 1.29649 1.36593 1.42077 1.46077 1.48593 1.49649 1.49292 1.47589 1.44631 1.40527 1.35406 1.29412 1.22701 1.15442 1.20314 1.00000
0.00000 0.15791 0.31396 0.46632 0.61322 0.75297 0.88401 1.00488 1.11432 1.21124 1.29473 1.36411 1.41892 1.45892 1.48411 1.49473 1.49124 1.47432 1.44488 1.40401 1.35297 1.29322 1.22632 1.15396 1.20291 1.00000
0.00000 0.15768 0.31350 0.46564 0.61233 0.75189 0.88274 1.00345 1.11276 1.20956 1.29297 1.36229 1.41707 1.45707 1.48229 1.49297 1.48956 1.47276 1.44345 1.40274 1.35189 1.29233 1.22564 1.15350 1.20268 1.00000
0.00000 0.15745 0.31304 0.46496 0.61144 0.75080 0.88147 1.00203 1.11120 1.20789 1.29121 1.36048 1.41523 1.45523 1.48048 1.49121 1.48789 1.47120 1.44203 1.40147 1.35080 1.29144 1.22496 1.15304 1.20245 1.00000
0.00000 0.15722 0.31258 0.46428 0.61055 0.74972 0.88021 1.00061 1.10964 1.20622 1.28946 1.35867 1.41339 1.45339 1.47867 1.48946 1.48622 1.46964 1.44061 1.40021 1.34972 1.29055 1.22428 1.15258 1.20222 1.00000
0.00000 0.15699 0.31213 0.46361 0.60967 0.74863 0.87895 0.99919 1.10809 1.20456 1.28771 1.35686 1.41155 1.45155 1.47686 1.48771 1.48456 1.46809 1.43919 1.39895 1.34863 1.28967 1.22361 1.15213 1.20199 1.00000
0.00000 0.15676 0.31167 0.46293 0.60878 0.74756 0.87769 0.99778 1.10654 1.20290 1.28596 1.35506 1.40972 1.44972 1.47506 1.48596 1.48290 1.46654 1.43778 1.39769 1.34756 1.28878 1.22293 1.15167 1.20176 1.00000
0.00000 0.15653 0.31121 0.46225 0.60790 0.74648 0.87644 0.99636 1.10499 1.20124 1.28422 1.35326 1.40789 1.44789 1.47326 1.48422 1.48124 1.46499 1.43636 1.39644 1.34648 1.28790 1.22225 1.15121 1.20153 1.00000
0.00000 0.15630 0.31076 0.46158 0.60702 0.74540 0.87519 0.99496 1.10345 1.19958 1.28248 1.35146 1.40606 1.44606 1.47146 1.48248 1.47958 1.46345 1.43496 1.39519 1.34540 1.28702 1.22158 1.15076 1.20130 1.00000
0.00000 0.15607 0.31030 0.46091 0.60614 0.74433 0.87394 0.99355 1.10191 1.19793 1.28074 1.34967 1.40424 1.44424 1.46967 1.48074 1.47793 1.46191 1.43355 1.39394 1.34433 1.28614 1.22091 1.15030 1.20107 1.00000
0.00000 0.15584 0.30985 0.46024 0.60526 0.74326 0.87269 0.99214 1.10037 1.19628 1.27901 1.34788 1.40242 1.44242 1.46788 1.47901 1.47628 1.46037 1.43214 1.39269 1.34326 1.28526 1.22024 1.14985 1.20084 1.00000
0.00000 0.15561 0.30940 0.45957 0.60438 0.74219 0.87145 0.99074 1.09883 1.19464 1.27728 1.34609 1.40061 1.44061 1.46609 1.47728 1.47464 1.45883 1.43074 1.39145 1.34219 1.28438 1.21957 1.14940 1.20061 1.00000
0.00000 0.15538 0.30895 0.45890 0.60351 0.74112 0.87020 0.98935 1.09730 1.19300 1.27556 1.34431 1.39880 1.43880 1.46431 1.47556 1.47300 1.45730 1.42935 1.39020 1.34112 1.28351 1.21890 1.14895 1.20038 1.00000
0.00000 0.15516 0.30850 0.45823 0.60264 0.74006 0.86896 0.98795 1.09577 1.19136 1.27383 1.34253 1.39699 1.43699 1.46253 1.47383 1.47136 1.45577 1.42795 1.38896 1.34006 1.28264 1.21823 1.14850 1.20016 1.00000
0.00000 0.15493 0.30805 0.45757 0.60177 0.73900 0.86773 0.98656 1.09424 1.18972 1.27211 1.34075 1.39519 1.43519 1.46075 1.47211 1.46972 1.45424 1.42656 1.38773 1.33900 1.28177 1.21757 1.14805 1.19993 1.00000
0.00000 0.15470 0.30760 0.45690 0.60090 0.73794 0.86649 0.98517 1.09272 1.18809 1.27040 1.33898 1.39339 1.43339 1.45898 1.47040 1.46809 1.45272 1.42517 1.38649 1.33794 1.28090 1.21690 1.14760 1.19970 1.00000
0.00000 0.15448 0.30715 0.45624 0.60003 0.73688 0.86526 0.98378 1.09120 1.18646 1.26869 1.33721 1.39159 1.43159 1.45721 1.46869 1.46646 1.45120 1.42378 1.38526 1.33688 1.28003 1.21624 1.14715 1.19948 1.00000
0.00000 0.15425 0.30670 0.45558 0.59916 0.73582 0.86403 0.98239 1.08968 1.18483 1.26698 1.33545 1.38979 1.42979 1.45545 1.46698 1.46483 1.44968 1.42239 1.38403 1.33582 1.27916 1.21558 1.14670 1.19925 1.00000
0.00000 0.15403 0.30626 0.45492 0.59830 0.73477 0.86280 0.98101 1.08817 1.18321 1.26527 1.33368 1.38800 1.42800 1.45368 1.46527 1.46321 1.44817 1.42101 1.38280 1.33477 1.27830 1.21492 1.14626 1.19903 1.00000
0.00000 0.15380 0.30581 0.45426 0.59744 0.73371 0.86158 0.97963 1.08666 1.18159 1.26357 1.33193 1.38622 1.42622 1.45193 1.46357 1.46159 1.44666 1.41963 1.38158 1.33371 1.27744 1.21426 1.14581 1.19880 1.00000
0.00000 0.15358 0.30537 0.45360 0.59658 0.73266 0.86035 0.97826 1.08515 1.17998 1.26187 1.33017 1.38444 1.42444 1.45017 1.46187 1.45998 1.44515 1.41826 1.38035 1.33266 1.27658 1.21360 1.14537 1.07358 1.00000
