0.00000 0.16533 0.32869 0.48812 0.64175 0.78779 0.92455 1.05051 1.16433 1.26483 1.35106 1.42229 1.47803 1.51803 1.54229 1.55106 1.54483 1.52433 1.49051 1.44455 1.38779 1.32175 1.24812 1.16869 1.08533 1.00000
0.00000 0.16521 0.32844 0.48776 0.64128 0.78721 0.92387 1.04975 1.16350 1.26394 1.35012 1.42132 1.47704 1.51704 1.54132 1.55012 1.54394 1.52350 1.48975 1.44387 1.38721 1.32128 1.24778 1.16895 1.10229 1.00000
0.00000 0.16509 0.32820 0.48740 0.64080 0.78663 0.92320 1.04900 1.16267 1.26305 1.34918 1.42035 1.47606 1.51606 1.54035 1.54918 1.54305 1.52267 1.48900 1.44320 1.38663 1.32081 1.24747 1.16966 1.10253 1.00000
0.00000 0.16496 0.32796 0.48704 0.64033 0.78605 0.92253 1.04824 1.16183 1.26216 1.34825 1.41939 1.47508 1.51508 1.53939 1.54825 1.54216 1.52183 1.48824 1.44253 1.38605 1.32034 1.24721 1.17030 1.10317 1.00000
0.00000 0.16484 0.32771 0.48668 0.63986 0.78547 0.92185 1.04748 1.16101 1.26127 1.34731 1.41842 1.47410 1.51410 1.53842 1.54731 1.54127 1.52101 1.48748 1.44185 1.38547 1.31988 1.24699 1.17089 1.10374 1.00000
0.00000 0.16472 0.32747 0.48631 0.63939 0.78490 0.92118 1.04673 1.16018 1.26038 1.34638 1.41746 1.47312 1.51312 1.53746 1.54638 1.54038 1.52018 1.48673 1.44118 1.38490 1.31943 1.24681 1.17142 1.10426 1.00000
0.00000 0.16459 0.32722 0.48595 0.63891 0.78432 0.92051 1.04597 1.15935 1.25949 1.34545 1.41650 1.47214 1.51214 1.53650 1.54545 1.53949 1.51935 1.48597 1.44051 1.38433 1.31899 1.24665 1.17192 1.10475 1.00000
0.00000 0.16447 0.32698 0.48559 0.63844 0.78374 0.91984 1.04522 1.15852 1.25861 1.34452 1.41553 1.47116 1.51116 1.53553 1.54452 1.53861 1.51852 1.48522 1.43984 1.38375 1.31855 1.24651 1.17237 1.10519 1.00000
0.00000 0.16435 0.32674 0.48523 0.63797 0.78317 0.91917 1.04446 1.15770 1.25772 1.34359 1.41457 1.47019 1.51019 1.53457 1.54359 1.53772 1.51770 1.48446 1.43917 1.38319 1.31813 1.24638 1.17279 1.10560 1.00000
0.00000 0.16423 0.32649 0.48487 0.63750 0.78259 0.91850 1.04371 1.15687 1.25684 1.34266 1.41361 1.46921 1.50921 1.53361 1.54266 1.53684 1.51687 1.48371 1.43850 1.38262 1.31772 1.24627 1.17317 1.10598 1.00000
0.00000 0.16410 0.32625 0.48451 0.63703 0.78202 0.91783 1.04296 1.15605 1.25595 1.34173 1.41265 1.46824 1.50824 1.53265 1.54173 1.53595 1.51605 1.48296 1.43784 1.38206 1.31731 1.24617 1.17353 1.10632 1.00000
0.00000 0.16398 0.32601 0.48415 0.63656 0.78145 0.91717 1.04220 1.15522 1.25507 1.34080 1.41169 1.46726 1.50726 1.53169 1.54080 1.53507 1.51522 1.48220 1.43717 1.38150 1.31692 1.24608 1.17385 1.10664 1.00000
0.00000 0.16386 0.32577 0.48380 0.63609 0.78087 0.91650 1.04145 1.15440 1.25419 1.33987 1.41074 1.46629 1.50629 1.53074 1.53987 1.53419 1.51440 1.48145 1.43651 1.38095 1.31653 1.24600 1.17416 1.10694 1.00000
0.00000 0.16374 0.32552 0.48344 0.63562 0.78030 0.91583 1.04070 1.15358 1.25331 1.33895 1.40978 1.46532 1.50532 1.52978 1.53895 1.53331 1.51358 1.48070 1.43584 1.38039 1.31615 1.24592 1.17443 1.10721 1.00000
0.00000 0.16362 0.32528 0.48308 0.63515 0.77973 0.91517 1.03995 1.15276 1.25243 1.33802 1.40883 1.46435 1.50435 1.52883 1.53802 1.53243 1.51276 1.47996 1.43518 1.37985 1.31578 1.24584 1.17469 1.10746 1.00000
0.00000 0.16349 0.32504 0.48272 0.63468 0.77916 0.91450 1.03921 1.15194 1.25155 1.33710 1.40787 1.46338 1.50338 1.52787 1.53710 1.53155 1.51194 1.47921 1.43452 1.37930 1.31542 1.24577 1.17492 1.10769 1.00000
0.00000 0.16337 0.32480 0.48236 0.63422 0.77859 0.91384 1.03846 1.15112 1.25067 1.33618 1.40692 1.46241 1.50241 1.52692 1.53618 1.53067 1.51112 1.47846 1.43387 1.37876 1.31506 1.24569 1.17514 1.10790 1.00000
0.00000 0.16325 0.32456 0.48201 0.63375 0.77802 0.91317 1.03771 1.15030 1.24979 1.33525 1.40596 1.46144 1.50144 1.52596 1.53525 1.52979 1.51030 1.47772 1.43321 1.37823 1.31471 1.24562 1.17534 1.10810 1.00000
0.00000 0.16313 0.32432 0.48165 0.63328 0.77745 0.91251 1.03696 1.14948 1.24892 1.33433 1.40501 1.46048 1.50048 1.52501 1.53433 1.52892 1.50948 1.47697 1.43256 1.37770 1.31436 1.24554 1.17552 1.10827 1.00000
0.00000 0.16301 0.32408 0.48129 0.63282 0.77688 0.91185 1.03622 1.14866 1.24804 1.33341 1.40406 1.45951 1.49951 1.52406 1.53341 1.52804 1.50866 1.47623 1.43191 1.37717 1.31402 1.24547 1.17569 1.10844 1.00000
0.00000 0.16289 0.32384 0.48094 0.63235 0.77631 0.91118 1.03547 1.14785 1.24716 1.33249 1.40311 1.45855 1.49855 1.52311 1.53249 1.52716 1.50785 1.47549 1.43126 1.37665 1.31369 1.24539 1.17584 1.10859 1.00000
0.00000 0.16277 0.32360 0.48058 0.63188 0.77574 0.91052 1.03473 1.14703 1.24629 1.33157 1.40216 1.45758 1.49758 1.52216 1.53157 1.52629 1.50703 1.47474 1.43061 1.37613 1.31336 1.24531 1.17597 1.10872 1.00000
0.00000 0.16264 0.32336 0.48023 0.63142 0.77518 0.90986 1.03398 1.14622 1.24542 1.33066 1.40122 1.45662 1.49662 1.52122 1.53066 1.52542 1.50622 1.47400 1.42996 1.37561 1.31303 1.24523 1.17610 1.10884 1.00000
0.00000 0.16252 0.32312 0.47987 0.63096 0.77461 0.90920 1.03324 1.14540 1.24455 1.32974 1.40027 1.45566 1.49566 1.52027 1.52974 1.52455 1.50541 1.47327 1.42932 1.37510 1.31270 1.24514 1.17621 1.10895 1.00000
0.00000 0.16240 0.32288 0.47952 0.63049 0.77404 0.90854 1.03250 1.14459 1.24367 1.32882 1.39932 1.45469 1.49469 1.51932 1.52882 1.52367 1.50459 1.47253 1.42868 1.37459 1.31238 1.24506 1.17631 1.10905 1.00000
0.00000 0.16228 0.32264 0.47916 0.63003 0.77348 0.90788 1.03176 1.14378 1.24280 1.32791 1.39838 1.45373 1.49373 1.51838 1.52791 1.52280 1.50378 1.47179 1.42804 1.37408 1.31206 1.24497 1.17640 1.10914 1.00000
0.00000 0.16216 0.32240 0.47881 0.62956 0.77291 0.90723 1.03102 1.14297 1.24193 1.32699 1.39743 1.45278 1.49278 1.51743 1.52699 1.52193 1.50297 1.47106 1.42740 1.37358 1.31175 1.24487 1.17647 1.10922 1.00000
0.00000 0.16204 0.32216 0.47846 0.62910 0.77235 0.90657 1.03028 1.14215 1.24106 1.32608 1.39649 1.45182 1.49182 1.51649 1.52608 1.52107 1.50216 1.47033 1.42677 1.37308 1.31143 1.24478 1.17654 1.10928 1.00000
0.00000 0.16192 0.32192 0.47810 0.62864 0.77179 0.90591 1.02954 1.14134 1.24020 1.32517 1.39555 1.45086 1.49086 1.51555 1.52517 1.52020 1.50136 1.46959 1.42614 1.37259 1.31112 1.24468 1.17660 1.10934 1.00000
0.00000 0.16180 0.32168 0.47775 0.62818 0.77122 0.90526 1.02880 1.14054 1.23933 1.32426 1.39461 1.44990 1.48990 1.51461 1.52426 1.51933 1.50055 1.46886 1.42551 1.37209 1.31081 1.24457 1.17664 1.10939 1.00000
0.00000 0.16168 0.32144 0.47740 0.62772 0.77066 0.90460 1.02806 1.13973 1.23846 1.32335 1.39367 1.44895 1.48895 1.51367 1.52335 1.51847 1.49974 1.46813 1.42488 1.37160 1.31050 1.24446 1.17668 1.10943 1.00000
0.00000 0.16156 0.32121 0.47705 0.62726 0.77010 0.90395 1.02733 1.13892 1.23760 1.32244 1.39273 1.44799 1.48799 1.51273 1.52244 1.51760 1.49894 1.46741 1.42425 1.37111 1.31019 1.24435 1.17671 1.10946 1.00000
0.00000 0.16144 0.32097 0.47669 0.62680 0.76954 0.90329 1.02659 1.13811 1.23673 1.32153 1.39179 1.44704 1.48704 1.51179 1.52153 1.51674 1.49813 1.46668 1.42363 1.37063 1.30989 1.24424 1.17673 1.10948 1.00000
0.00000 0.16132 0.32073 0.47634 0.62634 0.76897 0.90264 1.02585 1.13731 1.23587 1.32062 1.39085 1.44609 1.48609 1.51085 1.52062 1.51588 1.49733 1.46596 1.42301 1.37015 1.30958 1.24412 1.17674 1.10950 1.00000
0.00000 0.16120 0.32049 0.47599 0.62588 0.76841 0.90199 1.02512 1.13650 1.23501 1.31971 1.38991 1.44513 1.48513 1.50991 1.51971 1.51501 1.49653 1.46524 1.42239 1.36967 1.30927 1.24400 1.17675 1.10950 1.00000
0.00000 0.16108 0.32026 0.47564 0.62542 0.76785 0.90133 1.02439 1.13570 1.23414 1.31881 1.38898 1.44418 1.48418 1.50898 1.51881 1.51415 1.49573 1.46451 1.42177 1.36919 1.30897 1.24387 1.17674 1.10950 1.00000
0.00000 0.16096 0.32002 0.47529 0.62496 0.76729 0.90068 1.02365 1.13489 1.23328 1.31790 1.38804 1.44323 1.48323 1.50804 1.51790 1.51329 1.49493 1.46379 1.42116 1.36871 1.30866 1.24374 1.17673 1.10950 1.00000
0.00000 0.16084 0.31978 0.47494 0.62450 0.76674 0.90003 1.02292 1.13409 1.23242 1.31700 1.38711 1.44228 1.48228 1.50711 1.51700 1.51243 1.49413 1.46308 1.42055 1.36824 1.30836 1.24361 1.17671 1.10948 1.00000
0.00000 0.16073 0.31955 0.47459 0.62404 0.76618 0.89938 1.02219 1.13329 1.23156 1.31609 1.38618 1.44134 1.48134 1.50618 1.51610 1.51158 1.49334 1.46236 1.41994 1.36777 1.30806 1.24348 1.17669 1.10946 1.00000
0.00000 0.16061 0.31931 0.47424 0.62359 0.76562 0.89873 1.02146 1.13249 1.23070 1.31519 1.38524 1.44039 1.48039 1.50524 1.51519 1.51072 1.49254 1.46165 1.41933 1.36730 1.30775 1.24334 1.17666 1.10944 1.00000
0.00000 0.16049 0.31908 0.47389 0.62313 0.76506 0.89808 1.02073 1.13169 1.22985 1.31429 1.38431 1.43944 1.47944 1.50431 1.51429 1.50986 1.49175 1.46093 1.41872 1.36683 1.30745 1.24319 1.17662 1.10940 1.00000
0.00000 0.16037 0.31884 0.47354 0.62267 0.76451 0.89743 1.02000 1.13089 1.22899 1.31339 1.38338 1.43850 1.47850 1.50338 1.51339 1.50901 1.49095 1.46022 1.41812 1.36636 1.30714 1.24305 1.17658 1.10937 1.00000
0.00000 0.16025 0.31860 0.47320 0.62222 0.76395 0.89679 1.01927 1.13009 1.22813 1.31249 1.38245 1.43755 1.47755 1.50245 1.51249 1.50815 1.49016 1.45951 1.41752 1.36589 1.30684 1.24290 1.17653 1.10932 1.00000
0.00000 0.16013 0.31837 0.47285 0.62176 0.76339 0.89614 1.01854 1.12929 1.22728 1.31159 1.38152 1.43661 1.47661 1.50153 1.51160 1.50730 1.48937 1.45880 1.41692 1.36543 1.30653 1.24274 1.17647 1.10927 1.00000
0.00000 0.16001 0.31813 0.47250 0.62131 0.76284 0.89549 1.01781 1.12849 1.22642 1.31069 1.38060 1.43567 1.47567 1.50060 1.51070 1.50645 1.48858 1.45810 1.41632 1.36497 1.30623 1.24259 1.17641 1.10922 1.00000
0.00000 0.15990 0.31790 0.47215 0.62085 0.76228 0.89485 1.01708 1.12770 1.22557 1.30979 1.37967 1.43473 1.47473 1.49967 1.50980 1.50560 1.48779 1.45739 1.41572 1.36451 1.30592 1.24243 1.17635 1.10916 1.00000
0.00000 0.15978 0.31767 0.47181 0.62040 0.76173 0.89420 1.01636 1.12690 1.22472 1.30890 1.37874 1.43379 1.47379 1.49875 1.50891 1.50475 1.48701 1.45669 1.41512 1.36405 1.30561 1.24226 1.17627 1.10909 1.00000
0.00000 0.15966 0.31743 0.47146 0.61994 0.76118 0.89356 1.01563 1.12611 1.22387 1.30800 1.37782 1.43285 1.47285 1.49782 1.50801 1.50390 1.48622 1.45599 1.41453 1.36359 1.30531 1.24210 1.17620 1.10902 1.00000
0.00000 0.15954 0.31720 0.47111 0.61949 0.76062 0.89291 1.01491 1.12531 1.22301 1.30711 1.37690 1.43191 1.47191 1.49690 1.50712 1.50305 1.48544 1.45529 1.41394 1.36313 1.30500 1.24193 1.17611 1.10894 1.00000
0.00000 0.15942 0.31696 0.47077 0.61904 0.76007 0.89227 1.01418 1.12452 1.22216 1.30621 1.37597 1.43097 1.47097 1.49598 1.50623 1.50221 1.48466 1.45459 1.41335 1.36267 1.30469 1.24175 1.17603 1.10886 1.00000
0.00000 0.15931 0.31673 0.47042 0.61859 0.75952 0.89163 1.01346 1.12373 1.22132 1.30532 1.37505 1.43003 1.47003 1.49505 1.50534 1.50136 1.48387 1.45389 1.41276 1.36222 1.30438 1.24158 1.17594 1.10878 1.00000
