1.00000 1.11745 1.21727 1.29790 1.35806 1.39680 1.41352 1.40794 1.38015 1.33061 1.26007 1.16967 1.06082 0.93524 0.79491 0.64204 0.47905 0.30850 0.13309 -0.04442 -0.22123 -0.39455 -0.56165 -0.71989 -0.86678 -1.00000
0.99977 1.11678 1.21654 1.29712 1.35725 1.39596 1.41267 1.40709 1.37933 1.32981 1.25932 1.16897 1.06018 0.93468 0.79443 0.64165 0.47876 0.30832 0.13301 -0.04439 -0.22110 -0.39432 -0.56132 -0.71946 -0.86626 -0.99888
0.99878 1.11567 1.21533 1.29583 1.35589 1.39457 1.41126 1.40569 1.37795 1.32848 1.25806 1.16780 1.05912 0.93374 0.79364 0.64101 0.47828 0.30801 0.13288 -0.04435 -0.22088 -0.39392 -0.56075 -0.71874 -0.86538 -0.99786
0.99740 1.11413 1.21363 1.29401 1.35399 1.39262 1.40928 1.40372 1.37602 1.32662 1.25630 1.16616 1.05764 0.93243 0.79252 0.64012 0.47761 0.30758 0.13269 -0.04429 -0.22057 -0.39337 -0.55997 -0.71774 -0.86414 -0.99642
0.99564 1.11215 1.21144 1.29168 1.35155 1.39011 1.40674 1.40119 1.37354 1.32423 1.25403 1.16406 1.05573 0.93075 0.79110 0.63896 0.47675 0.30702 0.13245 -0.04421 -0.22017 -0.39266 -0.55896 -0.71644 -0.86255 -0.99457
0.99349 1.10973 1.20877 1.28883 1.34857 1.38704 1.40364 1.39810 1.37051 1.32131 1.25127 1.16150 1.05341 0.92870 0.78935 0.63755 0.47570 0.30635 0.13216 -0.04411 -0.21969 -0.39180 -0.55773 -0.71486 -0.86060 -0.99231
0.99095 1.10688 1.20562 1.28547 1.34505 1.38343 1.39998 1.39445 1.36694 1.31786 1.24801 1.15847 1.05066 0.92628 0.78729 0.63589 0.47446 0.30555 0.13181 -0.04400 -0.21911 -0.39077 -0.55627 -0.71299 -0.85829 -0.98963
0.98802 1.10359 1.20200 1.28160 1.34100 1.37925 1.39576 1.39025 1.36282 1.31389 1.24424 1.15497 1.04749 0.92349 0.78492 0.63397 0.47303 0.30463 0.13142 -0.04386 -0.21845 -0.38960 -0.55460 -0.71083 -0.85563 -0.98654
0.98470 1.09987 1.19789 1.27721 1.33641 1.37453 1.39098 1.38549 1.35815 1.30939 1.23998 1.15102 1.04390 0.92033 0.78223 0.63180 0.47141 0.30358 0.13097 -0.04371 -0.21770 -0.38826 -0.55270 -0.70838 -0.85261 -0.98305
0.98100 1.09571 1.19331 1.27231 1.33128 1.36926 1.38565 1.38018 1.35294 1.30437 1.23523 1.14661 1.03990 0.91680 0.77923 0.62938 0.46960 0.30242 0.13047 -0.04355 -0.21687 -0.38677 -0.55057 -0.70564 -0.84925 -0.97915
0.97690 1.09112 1.18827 1.26691 1.32563 1.36344 1.37976 1.37431 1.34719 1.29883 1.22998 1.14173 1.03548 0.91290 0.77592 0.62671 0.46761 0.30113 0.12991 -0.04336 -0.21595 -0.38513 -0.54823 -0.70261 -0.84554 -0.97485
0.97242 1.08610 1.18275 1.26100 1.31944 1.35708 1.37332 1.36790 1.34091 1.29277 1.22424 1.13641 1.03065 0.90864 0.77230 0.62378 0.46543 0.29973 0.12930 -0.04316 -0.21494 -0.38333 -0.54567 -0.69929 -0.84149 -0.97016
0.96755 1.08065 1.17677 1.25459 1.31273 1.35018 1.36633 1.36094 1.33409 1.28619 1.21801 1.13063 1.02541 0.90402 0.76837 0.62061 0.46306 0.29820 0.12865 -0.04294 -0.21385 -0.38138 -0.54288 -0.69568 -0.83709 -0.96507
0.96229 1.07476 1.17032 1.24768 1.30549 1.34273 1.35880 1.35344 1.32673 1.27910 1.21130 1.12439 1.01975 0.89903 0.76414 0.61719 0.46050 0.29656 0.12794 -0.04270 -0.21267 -0.37928 -0.53988 -0.69178 -0.83235 -0.95960
0.95665 1.06845 1.16341 1.24028 1.29773 1.33475 1.35072 1.34539 1.31884 1.27150 1.20410 1.11771 1.01369 0.89369 0.75959 0.61352 0.45777 0.29480 0.12718 -0.04245 -0.21140 -0.37702 -0.53665 -0.68760 -0.82728 -0.95373
0.95063 1.06171 1.15605 1.23238 1.28946 1.32624 1.34211 1.33681 1.31043 1.26339 1.19642 1.11058 1.00723 0.88799 0.75475 0.60961 0.45485 0.29292 0.12637 -0.04218 -0.21006 -0.37461 -0.53321 -0.68313 -0.82187 -0.94749
0.94422 1.05455 1.14822 1.22400 1.28067 1.31720 1.33296 1.32770 1.30150 1.25477 1.18826 1.10301 1.00036 0.88194 0.74960 0.60545 0.45175 0.29092 0.12550 -0.04189 -0.20862 -0.37206 -0.52954 -0.67837 -0.81612 -0.94086
0.93743 1.04696 1.13995 1.21513 1.27137 1.30763 1.32327 1.31805 1.29204 1.24566 1.17963 1.09499 0.99309 0.87553 0.74416 0.60105 0.44846 0.28881 0.12459 -0.04159 -0.20711 -0.36935 -0.52566 -0.67334 -0.81005 -0.93386
0.93027 1.03896 1.13122 1.20578 1.26156 1.29754 1.31306 1.30788 1.28207 1.23604 1.17052 1.08654 0.98543 0.86877 0.73841 0.59641 0.44500 0.28658 0.12363 -0.04126 -0.20551 -0.36649 -0.52156 -0.66803 -0.80365 -0.92648
0.92273 1.03054 1.12205 1.19596 1.25126 1.28693 1.30232 1.29718 1.27159 1.22594 1.16095 1.07766 0.97737 0.86167 0.73238 0.59153 0.44136 0.28423 0.12262 -0.04093 -0.20383 -0.36348 -0.51724 -0.66244 -0.79693 -0.91873
0.91483 1.02171 1.11243 1.18567 1.24045 1.27580 1.29107 1.28597 1.26059 1.21534 1.15092 1.06834 0.96892 0.85422 0.72604 0.58642 0.43755 0.28178 0.12156 -0.04057 -0.20206 -0.36032 -0.51270 -0.65658 -0.78989 -0.91061
0.90655 1.01246 1.10236 1.17490 1.22915 1.26417 1.27929 1.27424 1.24910 1.20426 1.14042 1.05860 0.96008 0.84643 0.71942 0.58107 0.43356 0.27921 0.12045 -0.04020 -0.20021 -0.35701 -0.50795 -0.65046 -0.78252 -0.90212
0.89791 1.00282 1.09186 1.16368 1.21737 1.25204 1.26701 1.26201 1.23710 1.19269 1.12947 1.04843 0.95087 0.83830 0.71252 0.57549 0.42940 0.27653 0.11929 -0.03982 -0.19829 -0.35356 -0.50298 -0.64407 -0.77484 -0.89327
0.88891 0.99277 1.08092 1.15199 1.20510 1.23940 1.25422 1.24927 1.22462 1.18065 1.11807 1.03785 0.94127 0.82984 0.70532 0.56968 0.42506 0.27373 0.11809 -0.03941 -0.19628 -0.34995 -0.49780 -0.63742 -0.76685 -0.88406
0.87956 0.98232 1.06955 1.13985 1.19236 1.22627 1.24093 1.23603 1.21164 1.16814 1.10622 1.02685 0.93129 0.82104 0.69785 0.56365 0.42056 0.27083 0.11684 -0.03899 -0.19419 -0.34620 -0.49242 -0.63051 -0.75855 -0.87450
0.86985 0.97148 1.05775 1.12726 1.17915 1.21266 1.22714 1.22230 1.19818 1.15516 1.09393 1.01544 0.92094 0.81192 0.69009 0.55738 0.41588 0.26782 0.11554 -0.03856 -0.19202 -0.34230 -0.48683 -0.62334 -0.74994 -0.86457
