1.00000 1.11745 1.21727 1.29790 1.35806 1.39680 1.41352 1.40794 1.38015 1.33061 1.26007 1.16967 1.06082 0.93524 0.79491 0.64204 0.47905 0.30850 0.13309 -0.04442 -0.22123 -0.39455 -0.56165 -0.71989 -0.86678 -1.00000
0.99977 1.11678 1.21654 1.29712 1.35725 1.39596 1.41267 1.40709 1.37933 1.32981 1.25932 1.16897 1.06018 0.93468 0.79443 0.64165 0.47876 0.30832 0.13301 -0.04439 -0.22110 -0.39432 -0.56132 -0.71946 -0.86626 -0.99888
0.96932 1.09158 1.21475 1.29581 1.35589 1.39457 1.41126 1.40569 1.37795 1.32848 1.25806 1.16780 1.05912 0.93374 0.79364 0.64101 0.47828 0.30801 0.13288 -0.04435 -0.22088 -0.39392 -0.56074 -0.71816 -0.84131 -0.96304
0.96932 1.09158 1.21475 1.29581 1.35589 1.39457 1.41126 1.40569 1.37795 1.32848 1.25806 1.16780 1.05912 0.93374 0.79364 0.64101 0.47828 0.30801 0.13288 -0.04435 -0.22088 -0.39392 -0.56074 -0.71816 -0.84131 -0.96304
0.96932 1.09158 1.21475 1.29581 1.35589 1.39457 1.41126 1.40569 1.37795 1.32848 1.25806 1.16780 1.05912 0.93374 0.79364 0.64101 0.47828 0.30801 0.13288 -0.04435 -0.22088 -0.39392 -0.56074 -0.71816 -0.84131 -0.96304
0.96932 1.09158 1.21475 1.29581 1.35589 1.39457 1.41126 1.40569 1.37795 1.32848 1.25806 1.16780 1.05912 0.93374 0.79364 0.64101 0.47828 0.30801 0.13288 -0.04435 -0.22088 -0.39392 -0.56074 -0.71816 -0.84131 -0.96304
0.96932 1.09158 1.21475 1.29581 1.35589 1.39457 1.41126 1.40569 1.37795 1.32848 1.25806 1.16780 1.05912 0.93374 0.79364 0.64101 0.47828 0.30801 0.13288 -0.04435 -0.22088 -0.39392 -0.56074 -0.71816 -0.84131 -0.96304
0.96932 1.09158 1.21475 1.29581 1.35589 1.39457 1.41126 1.40569 1.37795 1.32848 1.25806 1.16780 1.05912 0.93374 0.79364 0.64101 0.47828 0.30801 0.13288 -0.04435 -0.22088 -0.39392 -0.56074 -0.71816 -0.84131 -0.96304
0.96932 1.09158 1.21475 1.29581 1.35589 1.39457 1.41126 1.40569 1.37795 1.32848 1.25806 1.16780 1.05912 0.93374 0.79364 0.64101 0.47828 0.30801 0.13288 -0.04435 -0.22088 -0.39392 -0.56074 -0.71816 -0.84131 -0.96304
0.96932 1.09158 1.21475 1.29581 1.35589 1.39457 1.41126 1.40569 1.37795 1.32848 1.25806 1.16780 1.05912 0.93374 0.79364 0.64101 0.47828 0.30801 0.13288 -0.04435 -0.22088 -0.39392 -0.56074 -0.71816 -0.84131 -0.96304
0.96932 1.09158 1.21475 1.29581 1.35589 1.39457 1.41126 1.40569 1.37795 1.32848 1.25806 1.16780 1.05912 0.93374 0.79364 0.64101 0.47828 0.30801 0.13288 -0.04435 -0.22088 -0.39392 -0.56074 -0.71816 -0.84131 -0.96304
0.96932 1.09158 1.21475 1.29581 1.35589 1.39457 1.41126 1.40569 1.37795 1.32848 1.25806 1.16780 1.05912 0.93374 0.79364 0.64101 0.47828 0.30801 0.13288 -0.04435 -0.22088 -0.39392 -0.56074 -0.71816 -0.84131 -0.96304
0.96932 1.09158 1.21475 1.29581 1.35589 1.39457 1.41126 1.40569 1.37795 1.32848 1.25806 1.16780 1.05912 0.93374 0.79364 0.64101 0.47828 0.30801 0.13288 -0.04435 -0.22088 -0.39392 -0.56074 -0.71816 -0.84131 -0.96304
0.96932 1.09158 1.21475 1.29581 1.35589 1.39457 1.41126 1.40569 1.37795 1.32848 1.25806 1.16780 1.05912 0.93374 0.79364 0.64101 0.47828 0.30801 0.13288 -0.04435 -0.22088 -0.39392 -0.56074 -0.71816 -0.84131 -0.96304
0.96932 1.09158 1.21475 1.29581 1.35589 1.39457 1.41126 1.40569 1.37795 1.32848 1.25806 1.16780 1.05912 0.93374 0.79364 0.64101 0.47828 0.30801 0.13288 -0.04435 -0.22088 -0.39392 -0.56074 -0.71816 -0.84131 -0.96304
0.96932 1.09158 1.21475 1.29581 1.35589 1.39457 1.41126 1.40569 1.37795 1.32848 1.25806 1.16780 1.05912 0.93374 0.79364 0.64101 0.47828 0.30801 0.13288 -0.04435 -0.22088 -0.39392 -0.56074 -0.71816 -0.84131 -0.96304
0.96932 1.09158 1.21475 1.29581 1.35589 1.39457 1.41126 1.40569 1.37795 1.32848 1.25806 1.16780 1.05912 0.93374 0.79364 0.64101 0.47828 0.30801 0.13288 -0.04435 -0.22088 -0.39392 -0.56074 -0.71816 -0.84131 -0.96304
0.96932 1.09158 1.21475 1.29581 1.35589 1.39457 1.41126 1.40569 1.37795 1.32848 1.25806 1.16780 1.05912 0.93374 0.79364 0.64101 0.47828 0.30801 0.13288 -0.04435 -0.22088 -0.39392 -0.56074 -0.71816 -0.84131 -0.96304
0.96932 1.09158 1.21475 1.29581 1.35589 1.39457 1.41126 1.40569 1.37795 1.32848 1.25806 1.16780 1.05912 0.93374 0.79364 0.64101 0.47828 0.30801 0.13288 -0.04435 -0.22088 -0.39392 -0.56074 -0.71816 -0.84131 -0.96304
0.96932 1.09158 1.21475 1.29581 1.35589 1.39457 1.41126 1.40569 1.37795 1.32848 1.25806 1.16780 1.05912 0.93374 0.79364 0.64101 0.47828 0.30801 0.13288 -0.04435 -0.22088 -0.39392 -0.56074 -0.71816 -0.84131 -0.96304
0.96932 1.09158 1.21475 1.29581 1.35589 1.39457 1.41126 1.40569 1.37795 1.32848 1.25806 1.16780 1.05912 0.93374 0.79364 0.64101 0.47828 0.30801 0.13288 -0.04435 -0.22088 -0.39392 -0.56074 -0.71816 -0.84131 -0.96304
0.96932 1.09158 1.21475 1.29581 1.35589 1.39457 1.41126 1.40569 1.37795 1.32848 1.25806 1.16780 1.05912 0.93374 0.79364 0.64101 0.47828 0.30801 0.13288 -0.04435 -0.22088 -0.39392 -0.56074 -0.71816 -0.84131 -0.96304
0.96932 1.09158 1.21475 1.29581 1.35589 1.39457 1.41126 1.40569 1.37795 1.32848 1.25806 1.16780 1.05912 0.93374 0.79364 0.64101 0.47828 0.30801 0.13288 -0.04435 -0.22088 -0.39392 -0.56074 -0.71816 -0.84131 -0.96304
0.96932 1.09158 1.21475 1.29581 1.35589 1.39457 1.41126 1.40569 1.37795 1.32848 1.25806 1.16780 1.05912 0.93374 0.79364 0.64101 0.47828 0.30801 0.13288 -0.04435 -0.22088 -0.39392 -0.56074 -0.71816 -0.84131 -0.96304
0.96932 1.09158 1.21475 1.29581 1.35589 1.39457 1.41126 1.40569 1.37795 1.32848 1.25806 1.16780 1.05912 0.93374 0.79364 0.64101 0.47828 0.30801 0.13288 -0.04435 -0.22088 -0.39392 -0.56074 -0.71816 -0.84131 -0.96304
0.96932 1.09158 1.21475 1.29581 1.35589 1.39457 1.41126 1.40569 1.37795 1.32848 1.25806 1.16780 1.05912 0.93374 0.79364 0.64101 0.47828 0.30801 0.13288 -0.04435 -0.22088 -0.39392 -0.56074 -0.71816 -0.84131 -0.96304
