0.00000 0.16533 0.32869 0.48812 0.64175 0.78779 0.92455 1.05051 1.16433 1.26483 1.35106 1.42229 1.47803 1.51803 1.54229 1.55106 1.54483 1.52433 1.49051 1.44455 1.38779 1.32175 1.24812 1.16869 1.08533 1.00000
0.00000 0.16509 0.32820 0.48740 0.64080 0.78663 0.92320 1.04899 1.16266 1.26304 1.34918 1.42035 1.47606 1.51606 1.54035 1.54918 1.54304 1.52266 1.48899 1.44320 1.38663 1.32080 1.24740 1.16820 1.08509 1.00000
0.00000 0.16484 0.32768 0.48661 0.63976 0.78534 0.92169 1.04729 1.16079 1.26103 1.34706 1.41815 1.47382 1.51382 1.53814 1.54703 1.54099 1.52075 1.48724 1.44163 1.38527 1.31969 1.24653 1.16760 1.08476 1.00000
0.00000 0.16459 0.32716 0.48582 0.63871 0.78405 0.92019 1.04559 1.15892 1.25902 1.34494 1.41596 1.47159 1.51158 1.53593 1.54489 1.53895 1.51883 1.48549 1.44007 1.38393 1.31857 1.24567 1.16701 1.08445 1.00000
0.00000 0.16434 0.32664 0.48504 0.63767 0.78277 0.91868 1.04389 1.15705 1.25701 1.34283 1.41377 1.46936 1.50934 1.53373 1.54275 1.53691 1.51692 1.48374 1.43851 1.38258 1.31746 1.24481 1.16641 1.08414 1.00000
0.00000 0.16408 0.32612 0.48425 0.63663 0.78149 0.91719 1.04220 1.15519 1.25501 1.34072 1.41159 1.46714 1.50712 1.53153 1.54062 1.53488 1.51502 1.48200 1.43695 1.38124 1.31635 1.24396 1.16582 1.08383 1.00000
0.00000 0.16383 0.32560 0.48347 0.63559 0.78022 0.91569 1.04051 1.15333 1.25302 1.33861 1.40941 1.46492 1.50489 1.52934 1.53849 1.53285 1.51312 1.48026 1.43540 1.37990 1.31525 1.24310 1.16523 1.08353 1.00000
0.00000 0.16357 0.32508 0.48268 0.63456 0.77895 0.91420 1.03882 1.15148 1.25102 1.33651 1.40724 1.46270 1.50267 1.52715 1.53637 1.53082 1.51123 1.47852 1.43385 1.37856 1.31414 1.24225 1.16465 1.08323 1.00000
0.00000 0.16331 0.32456 0.48190 0.63352 0.77767 0.91271 1.03714 1.14963 1.24904 1.33442 1.40507 1.46050 1.50046 1.52496 1.53425 1.52880 1.50933 1.47679 1.43231 1.37723 1.31304 1.24140 1.16406 1.08293 1.00000
0.00000 0.16305 0.32404 0.48112 0.63249 0.77641 0.91123 1.03546 1.14779 1.24705 1.33233 1.40290 1.45829 1.49825 1.52279 1.53213 1.52678 1.50745 1.47506 1.43077 1.37590 1.31194 1.24055 1.16348 1.08263 1.00000
0.00000 0.16280 0.32352 0.48034 0.63146 0.77514 0.90975 1.03379 1.14594 1.24507 1.33025 1.40075 1.45609 1.49605 1.52061 1.53003 1.52477 1.50556 1.47334 1.42923 1.37457 1.31085 1.23970 1.16290 1.08234 1.00000
0.00000 0.16254 0.32300 0.47957 0.63044 0.77388 0.90827 1.03212 1.14411 1.24310 1.32816 1.39859 1.45390 1.49385 1.51844 1.52792 1.52276 1.50369 1.47162 1.42770 1.37324 1.30975 1.23886 1.16233 1.08204 1.00000
0.00000 0.16228 0.32248 0.47879 0.62941 0.77262 0.90679 1.03045 1.14227 1.24113 1.32609 1.39644 1.45171 1.49166 1.51628 1.52582 1.52076 1.50181 1.46990 1.42616 1.37192 1.30866 1.23802 1.16175 1.08175 1.00000
0.00000 0.16202 0.32196 0.47801 0.62839 0.77136 0.90532 1.02879 1.14045 1.23916 1.32402 1.39430 1.44953 1.48947 1.51412 1.52373 1.51876 1.49994 1.46819 1.42464 1.37060 1.30757 1.23718 1.16118 1.08146 1.00000
0.00000 0.16176 0.32144 0.47724 0.62737 0.77011 0.90385 1.02713 1.13862 1.23720 1.32195 1.39216 1.44735 1.48729 1.51197 1.52164 1.51677 1.49808 1.46648 1.42311 1.36929 1.30649 1.23634 1.16061 1.08117 1.00000
0.00000 0.16150 0.32092 0.47646 0.62635 0.76886 0.90239 1.02547 1.13680 1.23525 1.31989 1.39002 1.44518 1.48511 1.50982 1.51955 1.51478 1.49622 1.46478 1.42159 1.36798 1.30541 1.23551 1.16004 1.08088 1.00000
0.00000 0.16124 0.32041 0.47569 0.62533 0.76761 0.90093 1.02382 1.13498 1.23329 1.31783 1.38789 1.44301 1.48293 1.50767 1.51747 1.51280 1.49436 1.46308 1.42008 1.36667 1.30433 1.23468 1.15948 1.08060 1.00000
0.00000 0.16098 0.31989 0.47492 0.62431 0.76636 0.89947 1.02217 1.13317 1.23135 1.31578 1.38577 1.44084 1.48077 1.50554 1.51539 1.51082 1.49251 1.46138 1.41856 1.36536 1.30325 1.23385 1.15891 1.08031 1.00000
0.00000 0.16072 0.31937 0.47415 0.62330 0.76511 0.89801 1.02053 1.13136 1.22940 1.31373 1.38365 1.43868 1.47860 1.50340 1.51332 1.50884 1.49066 1.45969 1.41705 1.36406 1.30218 1.23302 1.15835 1.08003 1.00000
0.00000 0.16046 0.31886 0.47338 0.62229 0.76387 0.89656 1.01888 1.12956 1.22746 1.31169 1.38153 1.43653 1.47644 1.50127 1.51126 1.50687 1.48881 1.45800 1.41555 1.36276 1.30111 1.23220 1.15779 1.07975 1.00000
0.00000 0.16020 0.31834 0.47262 0.62128 0.76263 0.89511 1.01725 1.12776 1.22553 1.30965 1.37942 1.43438 1.47429 1.49915 1.50919 1.50490 1.48697 1.45631 1.41405 1.36146 1.30004 1.23138 1.15724 1.07946 1.00000
0.00000 0.15995 0.31782 0.47185 0.62027 0.76140 0.89366 1.01561 1.12596 1.22360 1.30761 1.37732 1.43224 1.47214 1.49703 1.50714 1.50294 1.48514 1.45463 1.41255 1.36017 1.29897 1.23056 1.15668 1.07918 1.00000
0.00000 0.15969 0.31731 0.47108 0.61926 0.76016 0.89222 1.01398 1.12417 1.22167 1.30558 1.37521 1.43010 1.46999 1.49491 1.50508 1.50098 1.48330 1.45296 1.41105 1.35888 1.29791 1.22974 1.15613 1.07890 1.00000
0.00000 0.15943 0.31680 0.47032 0.61826 0.75893 0.89078 1.01235 1.12238 1.21975 1.30356 1.37312 1.42796 1.46786 1.49280 1.50304 1.49903 1.48148 1.45128 1.40956 1.35759 1.29685 1.22893 1.15557 1.07862 1.00000
0.00000 0.15917 0.31628 0.46956 0.61725 0.75770 0.88934 1.01073 1.12059 1.21783 1.30154 1.37102 1.42583 1.46572 1.49070 1.50099 1.49708 1.47965 1.44961 1.40807 1.35631 1.29579 1.22812 1.15502 1.07835 1.00000
0.00000 0.15891 0.31577 0.46880 0.61625 0.75648 0.88791 1.00911 1.11881 1.21592 1.29952 1.36894 1.42371 1.46359 1.48859 1.49895 1.49514 1.47783 1.44795 1.40658 1.35503 1.29474 1.22731 1.15447 1.07807 1.00000
0.00000 0.15866 0.31526 0.46804 0.61525 0.75525 0.88648 1.00749 1.11704 1.21401 1.29751 1.36685 1.42158 1.46147 1.48650 1.49692 1.49320 1.47602 1.44629 1.40510 1.35375 1.29369 1.22650 1.15393 1.07779 1.00000
0.00000 0.15840 0.31475 0.46728 0.61426 0.75403 0.88505 1.00588 1.11526 1.21210 1.29550 1.36478 1.41947 1.45934 1.48441 1.49489 1.49126 1.47421 1.44463 1.40363 1.35248 1.29264 1.22570 1.15338 1.07752 1.00000
0.00000 0.15814 0.31424 0.46652 0.61326 0.75281 0.88362 1.00427 1.11349 1.21020 1.29350 1.36270 1.41736 1.45723 1.48232 1.49287 1.48933 1.47240 1.44297 1.40215 1.35121 1.29159 1.22489 1.15284 1.07724 1.00000
0.00000 0.15789 0.31373 0.46576 0.61227 0.75159 0.88220 1.00266 1.11173 1.20830 1.29150 1.36063 1.41525 1.45512 1.48024 1.49085 1.48740 1.47060 1.44132 1.40068 1.34994 1.29055 1.22409 1.15229 1.07697 1.00000
0.00000 0.15763 0.31322 0.46501 0.61128 0.75038 0.88078 1.00106 1.10997 1.20641 1.28950 1.35857 1.41315 1.45301 1.47816 1.48883 1.48548 1.46880 1.43968 1.39921 1.34867 1.28951 1.22329 1.15175 1.07670 1.00000
0.00000 0.15738 0.31272 0.46426 0.61029 0.74917 0.87936 0.99946 1.10821 1.20452 1.28751 1.35651 1.41105 1.45091 1.47609 1.48682 1.48356 1.46700 1.43804 1.39775 1.34741 1.28847 1.22250 1.15121 1.07642 1.00000
0.00000 0.15712 0.31221 0.46350 0.60930 0.74796 0.87795 0.99787 1.10646 1.20264 1.28553 1.35446 1.40896 1.44881 1.47402 1.48481 1.48165 1.46521 1.43640 1.39629 1.34615 1.28743 1.22171 1.15068 1.07615 1.00000
0.00000 0.15687 0.31170 0.46275 0.60831 0.74675 0.87654 0.99627 1.10471 1.20076 1.28355 1.35241 1.40687 1.44672 1.47196 1.48281 1.47974 1.46343 1.43476 1.39483 1.34490 1.28640 1.22091 1.15014 1.07588 1.00000
0.00000 0.15661 0.31120 0.46200 0.60733 0.74555 0.87513 0.99469 1.10296 1.19888 1.28157 1.35036 1.40479 1.44463 1.46990 1.48081 1.47783 1.46164 1.43313 1.39338 1.34365 1.28537 1.22012 1.14961 1.07561 1.00000
0.00000 0.15636 0.31069 0.46126 0.60635 0.74435 0.87373 0.99310 1.10122 1.19701 1.27960 1.34832 1.40271 1.44255 1.46784 1.47882 1.47593 1.45987 1.43150 1.39193 1.34240 1.28434 1.21934 1.14907 1.07534 1.00000
0.00000 0.15611 0.31019 0.46051 0.60537 0.74315 0.87233 0.99152 1.09948 1.19514 1.27763 1.34628 1.40064 1.44047 1.46579 1.47683 1.47404 1.45809 1.42988 1.39048 1.34115 1.28332 1.21855 1.14854 1.07508 1.00000
0.00000 0.15585 0.30969 0.45976 0.60439 0.74195 0.87093 0.98994 1.09774 1.19328 1.27567 1.34425 1.39857 1.43840 1.46375 1.47485 1.47215 1.45632 1.42826 1.38903 1.33991 1.28230 1.21777 1.14801 1.07481 1.00000
0.00000 0.15560 0.30919 0.45902 0.60341 0.74076 0.86953 0.98836 1.09601 1.19142 1.27371 1.34222 1.39650 1.43633 1.46171 1.47287 1.47026 1.45456 1.42664 1.38759 1.33867 1.28128 1.21699 1.14748 1.07454 1.00000
0.00000 0.15535 0.30869 0.45828 0.60244 0.73956 0.86814 0.98679 1.09429 1.18956 1.27176 1.34020 1.39445 1.43427 1.45967 1.47089 1.46837 1.45279 1.42503 1.38616 1.33743 1.28026 1.21621 1.14696 1.07428 1.00000
0.00000 0.15510 0.30819 0.45754 0.60147 0.73837 0.86675 0.98522 1.09256 1.18771 1.26981 1.33818 1.39239 1.43221 1.45764 1.46892 1.46650 1.45104 1.42342 1.38473 1.33619 1.27924 1.21543 1.14643 1.07401 1.00000
0.00000 0.15485 0.30769 0.45680 0.60050 0.73719 0.86537 0.98366 1.09084 1.18587 1.26786 1.33617 1.39034 1.43016 1.45562 1.46695 1.46462 1.44928 1.42182 1.38330 1.33496 1.27823 1.21466 1.14591 1.07375 1.00000
0.00000 0.15460 0.30719 0.45606 0.59953 0.73600 0.86398 0.98210 1.08913 1.18402 1.26592 1.33416 1.38829 1.42811 1.45360 1.46499 1.46275 1.44753 1.42022 1.38187 1.33374 1.27722 1.21388 1.14538 1.07348 1.00000
0.00000 0.15435 0.30669 0.45532 0.59856 0.73482 0.86260 0.98054 1.08742 1.18219 1.26398 1.33215 1.38625 1.42606 1.45158 1.46304 1.46088 1.44579 1.41862 1.38045 1.33251 1.27622 1.21311 1.14486 1.07322 1.00000
0.00000 0.15410 0.30620 0.45459 0.59760 0.73364 0.86122 0.97898 1.08571 1.18035 1.26205 1.33015 1.38422 1.42402 1.44957 1.46108 1.45902 1.44405 1.41703 1.37903 1.33129 1.27521 1.21234 1.14434 1.07296 1.00000
0.00000 0.15385 0.30570 0.45385 0.59663 0.73246 0.85985 0.97743 1.08400 1.17852 1.26012 1.32816 1.38218 1.42198 1.44756 1.45913 1.45716 1.44231 1.41544 1.37761 1.33007 1.27421 1.21158 1.14382 1.07270 1.00000
0.00000 0.15360 0.30521 0.45312 0.59567 0.73129 0.85848 0.97589 1.08230 1.17669 1.25820 1.32617 1.38016 1.41995 1.44555 1.45719 1.45531 1.44057 1.41385 1.37620 1.32885 1.27321 1.21081 1.14331 1.07244 1.00000
0.00000 0.15335 0.30471 0.45239 0.59471 0.73011 0.85711 0.97434 1.08061 1.17487 1.25628 1.32418 1.37813 1.41792 1.44355 1.45525 1.45346 1.43884 1.41227 1.37479 1.32764 1.27222 1.21005 1.14279 1.07218 1.00000
0.00000 0.15310 0.30422 0.45166 0.59376 0.72894 0.85574 0.97280 1.07891 1.17305 1.25436 1.32220 1.37612 1.41590 1.44156 1.45332 1.45162 1.43712 1.41069 1.37338 1.32643 1.27122 1.20929 1.14228 1.07192 1.00000
0.00000 0.15285 0.30373 0.45093 0.59280 0.72777 0.85438 0.97126 1.07722 1.17124 1.25245 1.32022 1.37410 1.41388 1.43957 1.45138 1.44977 1.43540 1.40911 1.37198 1.32522 1.27023 1.20853 1.14176 1.07166 1.00000
0.00000 0.15261 0.30324 0.45020 0.59185 0.72661 0.85302 0.96973 1.07554 1.16943 1.25054 1.31824 1.37209 1.41187 1.43758 1.44946 1.44794 1.43368 1.40754 1.37058 1.32402 1.26924 1.20777 1.14125 1.07140 1.00000
