0.00000 0.00000 0.00000 0.00000 0.00000 0.00000 0.00000 0.00000 0.00000 0.00000 0.00000 0.00000 0.00000 0.00000 0.00000 0.00000 0.00000 0.00000 0.00000 0.00000 0.00000
0.00950 0.01438 0.01489 0.01045 0.00089 -0.01355 -0.03230 -0.05456 -0.07935 -0.10561 -0.13220 -0.15801 -0.18192 -0.20288 -0.21991 -0.23213 -0.23872 -0.23889 -0.23181 -0.21629 -0.19000
0.01900 0.02905 0.03132 0.02446 0.00811 -0.01731 -0.05075 -0.09074 -0.13553 -0.18317 -0.23162 -0.27883 -0.32281 -0.36166 -0.39362 -0.41707 -0.43060 -0.43290 -0.42278 -0.39898 -0.36000
0.02850 0.04589 0.05224 0.04562 0.02556 -0.00731 -0.05157 -0.10519 -0.16577 -0.23067 -0.29713 -0.36235 -0.42362 -0.47837 -0.52421 -0.55896 -0.58075 -0.58794 -0.57920 -0.55347 -0.51000
0.03800 0.06580 0.07910 0.07571 0.05514 0.01823 -0.03322 -0.09674 -0.16942 -0.24805 -0.32929 -0.40979 -0.48626 -0.55558 -0.61485 -0.66148 -0.69318 -0.70809 -0.70474 -0.68217 -0.64000
0.04750 0.08902 0.11231 0.11512 0.09712 0.05941 0.00411 -0.06593 -0.14739 -0.23663 -0.32988 -0.42333 -0.51328 -0.59616 -0.66868 -0.72786 -0.77109 -0.79625 -0.80169 -0.78639 -0.75000
0.05700 0.11536 0.15144 0.16321 0.15062 0.11506 0.05896 -0.01452 -0.10174 -0.19876 -0.30148 -0.40579 -0.50765 -0.60316 -0.68872 -0.76100 -0.81711 -0.85462 -0.87165 -0.86695 -0.84000
0.06650 0.14427 0.19549 0.21857 0.21385 0.18306 0.12891 0.05481 -0.03539 -0.13753 -0.24733 -0.36045 -0.47263 -0.57976 -0.67794 -0.76360 -0.83355 -0.88503 -0.91586 -0.92448 -0.91000
0.07600 0.17498 0.24304 0.27925 0.28442 0.26065 0.21090 0.13875 0.04819 -0.05653 -0.17103 -0.29087 -0.41168 -0.52918 -0.63931 -0.73824 -0.82252 -0.88908 -0.93539 -0.95946 -0.96000
0.08550 0.20654 0.29240 0.34293 0.35952 0.34462 0.30141 0.23356 0.14511 0.04030 -0.07651 -0.20088 -0.32841 -0.45477 -0.57577 -0.68744 -0.78606 -0.86830 -0.93120 -0.97237 -0.99000
0.09500 0.23792 0.34169 0.40707 0.43607 0.43150 0.39666 0.33527 0.25127 0.14881 0.03215 -0.09441 -0.22652 -0.35990 -0.49033 -0.61372 -0.72620 -0.82415 -0.90425 -0.96366 -1.00000
0.10450 0.26803 0.38893 0.46901 0.51090 0.51769 0.49277 0.43975 0.36244 0.26475 0.15073 0.02448 -0.10984 -0.24806 -0.38604 -0.51968 -0.64499 -0.75813 -0.85550 -0.93376 -0.99000
0.11400 0.29574 0.43211 0.52606 0.58079 0.59960 0.58584 0.54293 0.47439 0.38385 0.27501 0.15170 0.01778 -0.12279 -0.26604 -0.40796 -0.54454 -0.67182 -0.78593 -0.88314 -0.96000
0.12350 0.31991 0.46924 0.57557 0.64262 0.67374 0.67210 0.64080 0.58298 0.50187 0.40077 0.28311 0.15240 0.01227 -0.13358 -0.28133 -0.42708 -0.56684 -0.69660 -0.81230 -0.91000
0.13300 0.33936 0.49827 0.61495 0.69340 0.73682 0.74799 0.72958 0.68425 0.61474 0.52388 0.41464 0.29008 0.15341 0.00798 -0.14270 -0.29497 -0.44498 -0.58866 -0.72179 -0.84000
0.14250 0.35282 0.51716 0.64171 0.73037 0.78582 0.81028 0.80580 0.77450 0.71857 0.64033 0.54222 0.42682 0.29683 0.15515 0.00484 -0.15079 -0.30817 -0.46339 -0.61221 -0.75000
0.15200 0.35870 0.52364 0.65341 0.75102 0.81814 0.85613 0.86637 0.85037 0.80976 0.74631 0.66194 0.55866 0.43864 0.30424 0.15798 0.00266 -0.15858 -0.32224 -0.48426 -0.64000
0.16150 0.35461 0.51502 0.64771 0.75326 0.83167 0.88327 0.90872 0.90894 0.88504 0.83828 0.76999 0.68166 0.57489 0.45140 0.31314 0.16227 0.00127 -0.16692 -0.33879 -0.51000
0.17100 0.33595 0.48776 0.62247 0.73558 0.82499 0.89005 0.93085 0.94782 0.94162 0.91300 0.86281 0.79198 0.70154 0.59260 0.46643 0.32449 0.16848 0.00048 -0.17686 -0.36000
0.18050 0.29160 0.43720 0.57625 0.69748 0.79759 0.87563 0.93146 0.96522 0.97718 0.96768 0.93711 0.88591 0.81456 0.72359 0.61360 0.48529 0.33950 0.17729 0.00010 -0.19000
0.00000 0.19000 0.36000 0.51000 0.64000 0.75000 0.84000 0.91000 0.96000 0.99000 1.00000 0.99000 0.96000 0.91000 0.84000 0.75000 0.64000 0.51000 0.36000 0.19000 0.00000
