0.00000 0.00000 0.00501 0.01504 0.03012 0.05030 0.07560 0.10610 0.14184 0.18288 0.22927 0.28107 0.33830 0.40104 0.46927 0.54306 0.62242 0.70740 0.79807 0.89463 0.99750
0.00000 -0.00000 0.00501 0.01505 0.03014 0.05032 0.07565 0.10615 0.14191 0.18295 0.22936 0.28115 0.33840 0.40112 0.46937 0.54314 0.62249 0.70745 0.79811 0.89465 0.99750
-0.00501 -0.00501 0.00000 0.01004 0.02514 0.04533 0.07065 0.10117 0.13692 0.17797 0.22436 0.27615 0.33337 0.39607 0.46425 0.53796 0.61721 0.70202 0.79242 0.88843 0.99000
-0.01504 -0.01505 -0.01004 0.00000 0.01510 0.03529 0.06062 0.09113 0.12689 0.16792 0.21430 0.26605 0.32323 0.38585 0.45396 0.52754 0.60663 0.69120 0.78126 0.87673 0.97750
-0.03012 -0.03014 -0.02514 -0.01510 0.00000 0.02019 0.04552 0.07603 0.11177 0.15279 0.19913 0.25084 0.30795 0.37049 0.43847 0.51192 0.59080 0.67511 0.76480 0.85981 0.96000
-0.05030 -0.05032 -0.04533 -0.03529 -0.02019 -0.00000 0.02533 0.05583 0.09156 0.13255 0.17885 0.23051 0.28755 0.34998 0.41784 0.49110 0.56978 0.65381 0.74317 0.83777 0.93750
-0.07560 -0.07565 -0.07065 -0.06062 -0.04552 -0.02533 -0.00000 0.03050 0.06621 0.10718 0.15344 0.20504 0.26199 0.32433 0.39204 0.46514 0.54359 0.62736 0.71641 0.81065 0.91000
-0.10610 -0.10615 -0.10117 -0.09113 -0.07603 -0.05583 -0.03050 0.00000 0.03570 0.07665 0.12288 0.17442 0.23130 0.29352 0.36110 0.43401 0.51226 0.59579 0.68455 0.77848 0.87750
-0.14184 -0.14191 -0.13692 -0.12689 -0.11177 -0.09156 -0.06621 -0.03570 0.00000 0.04094 0.08713 0.13863 0.19543 0.25755 0.32500 0.39776 0.47580 0.55911 0.64762 0.74127 0.84000
-0.18288 -0.18295 -0.17797 -0.16792 -0.15279 -0.13255 -0.10718 -0.07665 -0.04094 0.00000 0.04618 0.09764 0.15438 0.21641 0.28374 0.35636 0.43423 0.51733 0.60561 0.69902 0.79750
-0.22927 -0.22936 -0.22436 -0.21430 -0.19913 -0.17885 -0.15344 -0.12288 -0.08713 -0.04618 -0.00000 0.05143 0.10813 0.17009 0.23733 0.30982 0.38754 0.47046 0.55855 0.65174 0.75000
-0.28107 -0.28115 -0.27615 -0.26605 -0.25084 -0.23051 -0.20504 -0.17442 -0.13863 -0.09764 -0.05143 -0.00000 0.05667 0.11859 0.18575 0.25813 0.33573 0.41850 0.50642 0.59943 0.69750
-0.33830 -0.33840 -0.33337 -0.32323 -0.30795 -0.28755 -0.26199 -0.23130 -0.19543 -0.15438 -0.10813 -0.05667 -0.00000 0.06189 0.12900 0.20131 0.27880 0.36145 0.44923 0.54209 0.64000
-0.40104 -0.40112 -0.39607 -0.38585 -0.37049 -0.34998 -0.32433 -0.29352 -0.25755 -0.21641 -0.17009 -0.11859 -0.06189 -0.00000 0.06708 0.13934 0.21676 0.29931 0.38698 0.47972 0.57750
-0.46927 -0.46937 -0.46425 -0.45396 -0.43847 -0.41784 -0.39204 -0.36110 -0.32500 -0.28374 -0.23733 -0.18575 -0.12900 -0.06708 0.00000 0.07223 0.14960 0.23209 0.31967 0.41232 0.51000
-0.54306 -0.54314 -0.53796 -0.52754 -0.51192 -0.49110 -0.46514 -0.43401 -0.39776 -0.35636 -0.30982 -0.25813 -0.20131 -0.13934 -0.07223 0.00000 0.07735 0.15979 0.24732 0.33990 0.43750
-0.62242 -0.62249 -0.61721 -0.60663 -0.59080 -0.56978 -0.54359 -0.51226 -0.47580 -0.43423 -0.38754 -0.33573 -0.27880 -0.21676 -0.14960 -0.07735 0.00000 0.08243 0.16992 0.26245 0.36000
-0.70740 -0.70745 -0.70202 -0.69120 -0.67511 -0.65381 -0.62736 -0.59579 -0.55911 -0.51733 -0.47046 -0.41850 -0.36145 -0.29931 -0.23209 -0.15979 -0.08243 0.00000 0.08747 0.17998 0.27750
-0.79807 -0.79811 -0.79242 -0.78126 -0.76480 -0.74317 -0.71641 -0.68455 -0.64762 -0.60561 -0.55855 -0.50642 -0.44923 -0.38698 -0.31967 -0.24732 -0.16992 -0.08747 -0.00000 0.09249 0.19000
-0.89463 -0.89465 -0.88843 -0.87673 -0.85981 -0.83777 -0.81065 -0.77848 -0.74127 -0.69902 -0.65174 -0.59943 -0.54209 -0.47972 -0.41232 -0.33990 -0.26245 -0.17998 -0.09249 -0.00000 0.09750
-0.99750 -0.99750 -0.99000 -0.97750 -0.96000 -0.93750 -0.91000 -0.87750 -0.84000 -0.79750 -0.75000 -0.69750 -0.64000 -0.57750 -0.51000 -0.43750 -0.36000 -0.27750 -0.19000 -0.09750 0.00000
