-0.00000 -0.00000 0.00479 0.01440 0.02888 0.04832 0.07280 0.10243 0.13732 0.17760 0.22337 0.27472 0.33174 0.39450 0.46304 0.53738 0.61754 0.70353 0.79539 0.89326 0.99750
-0.00000 -0.00000 0.00479 0.01441 0.02890 0.04835 0.07284 0.10248 0.13739 0.17768 0.22346 0.27482 0.33184 0.39460 0.46313 0.53746 0.61761 0.70359 0.79543 0.89328 0.99750
-0.00479 -0.00479 -0.00000 0.00962 0.02412 0.04357 0.06806 0.09771 0.13262 0.17290 0.21867 0.27000 0.32699 0.38970 0.45817 0.53241 0.61244 0.69824 0.78980 0.88709 0.99000
-0.01440 -0.01441 -0.00962 -0.00000 0.01450 0.03395 0.05845 0.08809 0.12299 0.16325 0.20898 0.26027 0.31719 0.37980 0.44815 0.52224 0.60205 0.68758 0.77874 0.87544 0.97750
-0.02888 -0.02890 -0.02412 -0.01450 -0.00000 0.01945 0.04395 0.07358 0.10846 0.14869 0.19436 0.24558 0.30241 0.36489 0.43308 0.50696 0.58651 0.67170 0.76244 0.85860 0.96000
-0.04832 -0.04835 -0.04357 -0.03395 -0.01945 -0.00000 0.02449 0.05411 0.08897 0.12916 0.17477 0.22590 0.28261 0.34495 0.41294 0.48658 0.56585 0.65068 0.74099 0.83665 0.93750
-0.07280 -0.07284 -0.06806 -0.05845 -0.04395 -0.02449 -0.00000 0.02961 0.06445 0.10460 0.15015 0.20119 0.25777 0.31994 0.38773 0.46112 0.54008 0.62455 0.71444 0.80964 0.91000
-0.10243 -0.10248 -0.09771 -0.08809 -0.07358 -0.05411 -0.02961 -0.00000 0.03482 0.07493 0.12043 0.17137 0.22783 0.28984 0.35742 0.43055 0.50921 0.59333 0.68283 0.77759 0.87750
-0.13732 -0.13739 -0.13262 -0.12299 -0.10846 -0.08897 -0.06445 -0.03482 -0.00000 0.04009 0.08554 0.13641 0.19275 0.25460 0.32198 0.39486 0.47323 0.55702 0.64614 0.74051 0.84000
-0.17760 -0.17768 -0.17290 -0.16325 -0.14869 -0.12916 -0.10460 -0.07493 -0.04009 -0.00000 0.04542 0.09623 0.15247 0.21418 0.28137 0.35403 0.43213 0.51561 0.60439 0.69839 0.79750
-0.22337 -0.22346 -0.21867 -0.20898 -0.19436 -0.17477 -0.15015 -0.12043 -0.08554 -0.04542 -0.00000 0.05077 0.10695 0.16855 0.23558 0.30804 0.38589 0.46909 0.55757 0.65123 0.75000
-0.27472 -0.27482 -0.27000 -0.26027 -0.24558 -0.22590 -0.20119 -0.17137 -0.13641 -0.09623 -0.05077 -0.00000 0.05613 0.11765 0.18456 0.25686 0.33450 0.41746 0.50566 0.59904 0.69750
-0.33174 -0.33184 -0.32699 -0.31719 -0.30241 -0.28261 -0.25777 -0.22783 -0.19275 -0.15247 -0.10695 -0.05613 0.00000 0.06148 0.12830 0.20047 0.27795 0.36070 0.44867 0.54180 0.64000
-0.39450 -0.39460 -0.38970 -0.37980 -0.36489 -0.34495 -0.31994 -0.28984 -0.25460 -0.21418 -0.16855 -0.11765 -0.06148 0.00000 0.06678 0.13886 0.21622 0.29881 0.38660 0.47951 0.57750
-0.46304 -0.46313 -0.45817 -0.44815 -0.43308 -0.41294 -0.38773 -0.35742 -0.32198 -0.28137 -0.23558 -0.18456 -0.12830 -0.06678 0.00000 0.07204 0.14931 0.23179 0.31943 0.41219 0.51000
-0.53738 -0.53746 -0.53241 -0.52224 -0.50696 -0.48658 -0.46112 -0.43055 -0.39486 -0.35403 -0.30804 -0.25686 -0.20047 -0.13886 -0.07204 0.00000 0.07723 0.15964 0.24718 0.33982 0.43750
-0.61754 -0.61761 -0.61244 -0.60205 -0.58651 -0.56585 -0.54008 -0.50921 -0.47323 -0.43213 -0.38589 -0.33450 -0.27795 -0.21622 -0.14931 -0.07723 -0.00000 0.08237 0.16985 0.26241 0.36000
-0.70353 -0.70359 -0.69824 -0.68758 -0.67170 -0.65068 -0.62455 -0.59333 -0.55702 -0.51561 -0.46909 -0.41746 -0.36070 -0.29881 -0.23179 -0.15964 -0.08237 -0.00000 0.08745 0.17996 0.27750
-0.79539 -0.79543 -0.78980 -0.77874 -0.76244 -0.74099 -0.71444 -0.68283 -0.64614 -0.60439 -0.55757 -0.50566 -0.44867 -0.38660 -0.31943 -0.24718 -0.16985 -0.08745 -0.00000 0.09249 0.19000
-0.89326 -0.89328 -0.88709 -0.87544 -0.85860 -0.83665 -0.80964 -0.77759 -0.74051 -0.69839 -0.65123 -0.59904 -0.54180 -0.47951 -0.41219 -0.33982 -0.26241 -0.17996 -0.09249 -0.00000 0.09750
-0.99750 -0.99750 -0.99000 -0.97750 -0.96000 -0.93750 -0.91000 -0.87750 -0.84000 -0.79750 -0.75000 -0.69750 -0.64000 -0.57750 -0.51000 -0.43750 -0.36000 -0.27750 -0.19000 -0.09750 0.00000
